24325 53873 1483233711 0 1
1432 30025 1483299833 0 1
52335 51790 1483264229 25 1
105354 68249 1483305329 0 0
92637 17032 1483303311 0 1
105192 45982 1483291593 0 0
52026 23581 1483264105 0 1
20116 2483 1483309720 0 1
3947 41280 1483303466 0 0
106420 32467 1483291486 0 0
90061 73126 1483300623 0 0
127746 10221 1483304424 0 0
13907 25028 1483308122 0 0
116416 67027 1483300805 43 1
95628 48507 1483286030 0 0
83556 70932 1483279422 14 1
17295 68415 1483263508 0 0
10183 2483 1483309454 0 1
90205 59463 1483284664 0 0
33270 51790 1483252479 8 1
83234 73003 1483293965 54 1
44603 33261 1483285741 0 1
108546 51790 1483293229 41 1
66735 13807 1483270135 0 1
54409 23581 1483265059 32 1
65708 50799 1483275988 0 1
82054 21631 1483278353 0 1
55854 2483 1483310729 0 1
110297 42551 1483293970 0 0
54877 1766 1483265238 0 1
105769 49447 1483291299 0 0
21693 51790 1483263467 0 1
8211 51790 1483264299 0 1
67974 51790 1483270602 0 1
68350 13807 1483270746 24 1
82240 13807 1483278478 0 1
77179 74571 1483275227 0 0
136528 45209 1483308310 0 0
123641 17032 1483302770 0 1
17283 55795 1483230512 0 0
128905 67065 1483305653 0 0
46191 13807 1483306244 34 1
29997 31593 1483241520 0 0
125059 17032 1483303357 0 1
369 51790 1483253223 0 1
75870 33695 1483274391 38 1
117525 15058 1483298819 0 1
980 72217 1483225820 0 0
82152 10190 1483278915 67 1
66698 2483 1483308645 0 1
58666 21815 1483266751 0 0
139441 59721 1483309853 0 0
70080 15058 1483279743 0 1
57384 68584 1483298320 0 0
12860 46358 1483228844 0 1
9753 12591 1483228027 0 0
77379 22536 1483275371 87 1
127722 31167 1483304416 0 0
121556 45706 1483301934 0 0
114767 32646 1483296888 0 0
37311 30559 1483257217 0 1
136294 26673 1483308884 0 0
42915 13778 1483299198 0 0
4892 23581 1483268616 18 1
136316 26906 1483308217 0 0
36497 50024 1483261478 8 1
39333 1766 1483258740 86 1
14435 58505 1483229543 0 0
44927 46358 1483261262 0 1
123009 55832 1483302819 0 0
119925 59011 1483300765 0 1
50897 27871 1483264192 0 0
44163 14098 1483284311 0 0
77717 23581 1483275891 22 1
52574 50024 1483264316 32 1
107298 33261 1483292109 0 1
89611 33261 1483288990 0 1
99487 64975 1483287664 0 0
64900 17465 1483269542 0 0
92969 59011 1483284877 0 1
100952 59011 1483288456 99 1
141933 57673 1483311564 0 0
28949 65960 1483238695 141 1
18104 2483 1483308909 21 1
97225 69062 1483286647 0 0
84070 33695 1483279800 0 1
64237 598 1483268999 0 0
64902 33637 1483269369 0 0
36535 4296 1483300153 0 0
63250 14455 1483268554 0 0
28939 60077 1483276013 0 0
80047 10190 1483277557 162 1
135262 46096 1483307782 0 1
50371 10190 1483264267 84 1
92875 35898 1483284838 0 0
50938 12303 1483263717 0 1
19252 18558 1483285714 0 0
7640 36451 1483250454 0 0
43390 8594 1483260603 0 1
112244 33261 1483295312 0 1
80193 34492 1483277156 27 1
64972 53492 1483269344 0 0
36350 69765 1483300170 0 0
60407 60739 1483267592 0 0
52293 33269 1483268203 0 0
95552 59011 1483285958 2 1
29165 39176 1483282084 0 0
79656 60826 1483311053 0 0
51317 2483 1483311384 0 1
35132 51790 1483255128 0 1
16454 23778 1483230058 0 0
68819 33695 1483270949 36 1
55307 50024 1483265458 0 1
14003 31951 1483281595 0 0
74235 61606 1483273637 0 0
57294 51790 1483266204 36 1
56526 15058 1483265903 0 1
104667 30559 1483290759 37 1
141179 17032 1483311036 35 1
37303 14118 1483257349 0 0
65279 30559 1483269490 142 1
6258 51790 1483254254 0 1
105805 59011 1483291153 0 1
26856 57018 1483247325 0 0
103943 70932 1483290033 0 1
124476 17032 1483303347 0 1
29980 59011 1483292428 46 1
36032 30559 1483256077 0 1
31263 23581 1483252974 29 1
91129 53903 1483307848 0 0
88936 48163 1483282960 0 0
122713 46754 1483303238 0 0
21187 50024 1483232010 1 1
33664 47248 1483297188 0 0
14793 11524 1483307136 0 0
67124 5520 1483283348 0 0
16587 43699 1483285029 0 0
15010 30559 1483229535 153 1
77344 13807 1483297731 0 1
82990 26576 1483279000 0 0
30042 55337 1483242086 0 0
35554 30559 1483255603 0 1
61158 33261 1483305266 0 1
46540 69527 1483261953 0 0
10740 11666 1483228279 0 0
52016 65984 1483264102 0 1
18813 26362 1483230979 0 0
131313 38293 1483306246 0 0
3650 12089 1483259864 0 0
131024 32714 1483305795 0 0
101416 29775 1483288638 0 0
22351 59011 1483298262 25 1
100427 1159 1483288097 0 0
70050 30559 1483271433 0 1
42764 30559 1483260322 0 1
29044 984 1483258275 0 1
34463 51790 1483254275 23 1
10397 54652 1483228221 0 0
14815 50322 1483299666 45 1
20278 17032 1483307607 77 1
8999 46358 1483228093 61 1
123386 13807 1483302815 0 1
3866 48022 1483288884 0 0
71272 52746 1483297348 0 0
91305 59011 1483284164 29 1
14854 46358 1483229483 0 1
1488 73390 1483274247 0 0
58992 40680 1483266876 0 0
16458 59011 1483284975 0 1
75675 30559 1483274276 0 1
30355 876 1483258431 0 0
73678 41851 1483273206 0 0
49915 8594 1483263566 0 1
120299 45090 1483301655 0 0
32182 23581 1483250003 0 1
21724 52967 1483285336 6 1
140205 5683 1483310401 0 0
32907 26243 1483251901 0 0
15826 44715 1483300252 0 0
46580 30559 1483261968 0 1
48696 22663 1483262820 0 0
120218 17138 1483300967 0 0
80292 50440 1483277217 0 0
97760 5670 1483287075 0 0
58794 45829 1483266799 24 1
75206 57391 1483274251 0 0
72241 12263 1483285676 0 0
72719 70154 1483289826 0 0
141179 2483 1483310976 37 1
28488 23581 1483266678 0 1
77567 13807 1483275498 0 1
25473 2390 1483279946 0 1
14146 33261 1483286690 0 1
83433 42911 1483299868 0 0
65624 22857 1483285360 0 0
67225 8594 1483271049 0 1
11713 13807 1483270220 0 1
118477 9754 1483306324 0 0
32852 13807 1483273233 38 1
2740 45829 1483226290 124 1
19008 50024 1483231055 0 1
116969 74154 1483298574 0 0
21330 33261 1483295216 48 1
43819 30559 1483260789 0 1
10210 51790 1483275302 1 1
82386 14783 1483307236 0 0
80301 13807 1483277224 58 1
27933 8038 1483306144 0 0
115389 33695 1483297299 0 1
57703 15058 1483266369 0 1
36120 33261 1483305793 113 1
20420 17267 1483270243 0 0
39149 5400 1483258453 0 0
57741 30559 1483266379 50 1
67250 13807 1483270331 0 1
71244 30559 1483272078 42 1
70934 27228 1483271790 0 0
8718 74377 1483307333 0 0
37089 51790 1483295617 0 1
103194 19431 1483289635 0 0
19982 36115 1483288192 6 1
10782 55933 1483228509 0 0
44424 6355 1483274126 0 0
6914 64062 1483305553 0 0
56915 51728 1483309349 0 0
18248 46358 1483230845 0 1
90187 29691 1483297902 0 0
85807 70932 1483281064 0 1
12072 12403 1483228636 0 0
70430 30559 1483271570 0 1
55994 36522 1483265744 0 0
53223 33261 1483296754 12 1
108543 66707 1483293138 0 0
89840 33261 1483303880 0 1
127330 17032 1483304446 0 1
90093 558 1483293472 0 0
80161 65072 1483277376 0 0
6525 30559 1483227213 0 1
82493 482 1483278939 0 0
140151 27341 1483310248 0 0
2007 70932 1483226111 240 1
42480 51790 1483260244 0 1
42409 10190 1483260267 38 1
30291 30559 1483242616 13 1
42004 70163 1483260123 0 0
48493 59051 1483289928 0 0
114216 41997 1483296546 0 0
25341 59518 1483234389 0 0
17769 64097 1483230568 0 0
18766 10200 1483295833 0 1
1376 58046 1483274661 0 0
76126 71957 1483292409 0 0
33502 50024 1483261268 0 1
39956 50024 1483258919 25 1
68112 6633 1483270657 0 0
63176 62652 1483269273 0 0
94157 41812 1483285398 0 0
75841 57126 1483274378 0 0
97795 63205 1483287193 0 0
51701 13524 1483284287 0 0
57767 73003 1483291536 0 1
33080 8959 1483252083 0 0
63564 6364 1483268699 0 0
23710 6429 1483263828 0 0
92416 73003 1483284625 0 1
133125 33261 1483306720 0 1
16976 48751 1483230260 0 1
72167 13807 1483272527 1 1
89033 54710 1483298411 0 1
106068 33261 1483295545 0 1
75352 33261 1483290177 6 1
120723 44852 1483301363 0 0
45205 34032 1483261386 0 0
59268 74645 1483266989 0 0
93574 3126 1483285142 0 0
24625 73003 1483299829 0 1
50798 11090 1483263657 34 1
100427 33261 1483288097 50 1
78026 67042 1483275794 0 1
66483 10023 1483270030 0 0
27774 30559 1483236664 0 1
8405 2483 1483306214 0 1
20539 24246 1483231714 0 0
140044 22731 1483310186 0 1
56799 52967 1483281932 14 1
57198 42077 1483275377 0 0
34783 67996 1483254681 0 0
13194 4255 1483266727 0 0
6241 46789 1483227117 0 0
33517 50024 1483252934 0 1
95738 2483 1483310098 0 1
67328 22773 1483285339 0 0
139157 17032 1483309650 0 1
114158 59011 1483296517 31 1
66227 3548 1483269920 0 0
42052 50024 1483260004 80 1
43178 2483 1483308522 0 1
90508 70932 1483283879 0 1
62902 21059 1483268415 0 0
48907 51790 1483263035 22 1
132402 74342 1483306368 0 0
112371 33261 1483295464 0 1
116837 67027 1483298324 0 1
118829 1369 1483304785 0 0
137607 26024 1483308798 0 0
64115 21953 1483293160 0 0
68147 69988 1483271856 0 0
51045 1766 1483263756 0 1
2403 71439 1483281710 0 0
91101 54847 1483284091 0 0
85264 68680 1483280701 0 0
13318 18277 1483228979 0 0
123247 54460 1483302595 0 0
67474 5786 1483284613 0 0
22986 8594 1483232922 0 1
7680 39465 1483227477 0 0
53864 68458 1483264821 0 0
32437 39476 1483298433 0 0
7762 1766 1483272224 0 1
105290 71216 1483290883 0 0
27101 46358 1483235881 0 1
65730 66801 1483301755 0 0
45732 40876 1483261611 0 0
4541 10639 1483227150 0 0
90761 39038 1483284356 0 0
81646 52900 1483278089 0 0
89030 2651 1483294938 0 0
9861 46358 1483229765 132 1
7497 70299 1483292729 0 0
106177 3462 1483291355 0 0
34974 51790 1483254974 24 1
65701 70509 1483269696 0 0
138019 55144 1483309153 0 0
77210 46096 1483310708 130 1
338 60879 1483291672 0 0
96859 55121 1483286542 0 0
26018 19441 1483234897 0 0
139551 66216 1483309914 0 0
16611 47468 1483266944 0 0
92103 11186 1483284548 0 0
22512 59011 1483290268 0 1
77688 33695 1483275565 0 1
9231 35665 1483227894 0 0
41935 30559 1483259948 53 1
91932 52967 1483284428 0 1
63650 7495 1483296515 0 1
33614 28415 1483253467 0 0
141287 2483 1483311118 0 1
8049 44694 1483227573 0 0
128648 17032 1483304782 0 1
138605 13041 1483310137 1 1
58114 51790 1483266525 35 1
106017 59305 1483291267 0 0
20743 50024 1483231828 1 1
34755 29995 1483254638 0 0
22064 30559 1483232418 0 1
63289 34811 1483268602 0 0
31292 30559 1483247298 106 1
101576 71471 1483288733 0 0
51440 8594 1483264441 0 1
76058 59011 1483288823 16 1
87594 73003 1483282062 0 1
121400 59011 1483301886 12 1
68509 10888 1483299389 0 0
123708 6010 1483303373 0 0
98536 56833 1483287215 0 0
46843 56938 1483262067 0 0
23384 48416 1483268334 31 1
121315 17032 1483301652 0 1
139840 64012 1483310058 18 1
120822 33695 1483301292 6 1
7927 30559 1483227544 0 1
19855 2483 1483307167 55 1
2006 5858 1483226110 0 0
8466 31839 1483227687 0 0
14659 43000 1483290142 0 0
52634 51790 1483264340 6 1
61705 33695 1483267930 44 1
5578 15391 1483251627 0 0
97916 70932 1483286939 61 1
66579 13807 1483270177 3 1
136282 17032 1483308203 12 1
106730 13570 1483291700 0 0
36560 30559 1483257011 0 1
4801 65960 1483226787 200 1
8806 31332 1483227850 0 0
116881 17882 1483307826 0 0
102742 53339 1483289544 0 0
4963 46358 1483226823 65 1
74021 36950 1483273467 0 0
16112 7495 1483298790 72 1
14409 6007 1483229336 22 1
85324 51790 1483280737 0 1
95619 7276 1483308299 0 0
92455 68278 1483284647 0 0
14909 2483 1483306448 47 1
63538 46358 1483268684 70 1
137944 2483 1483308975 0 1
83596 64492 1483279455 0 0
138922 7328 1483309609 0 0
120861 28771 1483301318 0 0
68864 59011 1483285464 0 1
139704 17032 1483309983 0 1
75916 13807 1483274410 44 1
71072 30025 1483299923 0 1
77424 50799 1483275423 209 1
132766 7391 1483306542 0 1
61487 1907 1483301376 0 0
133833 1646 1483307051 0 0
57002 62395 1483305838 0 0
65377 47930 1483269536 0 0
37635 50024 1483257454 0 1
77918 39715 1483275720 0 0
68755 20169 1483305146 0 0
55277 8858 1483303594 0 0
12160 8594 1483228662 0 1
9635 73153 1483287786 0 0
68066 67042 1483270638 0 1
18719 30559 1483300702 0 1
113408 46689 1483301227 0 0
110316 33261 1483293986 0 1
36430 20194 1483256454 0 0
103406 48807 1483289732 13 1
3270 15856 1483226415 0 0
36342 14294 1483260743 0 1
77371 51790 1483275365 35 1
8765 31351 1483263224 0 0
34729 37153 1483254615 0 0
24305 45829 1483267104 0 1
3720 59011 1483285262 0 1
18909 14867 1483231013 0 0
86096 50322 1483281644 0 1
4865 11090 1483226801 65 1
41930 11090 1483260059 0 1
72545 30559 1483272592 0 1
99126 13321 1483287484 0 0
110391 67051 1483294038 0 1
69536 48349 1483271227 0 0
33378 49048 1483252684 0 0
80644 13807 1483305313 38 1
69916 8594 1483271385 8 1
55041 51790 1483265759 0 1
24529 3847 1483270198 0 0
2891 50670 1483226324 0 0
72053 28993 1483286639 0 0
55100 71957 1483266617 0 0
91134 33261 1483289695 0 1
22266 46358 1483232536 0 1
88232 68796 1483282534 0 0
100755 56381 1483288404 0 0
76850 34353 1483276480 0 0
10677 60812 1483303589 0 0
86768 9401 1483281595 0 0
54301 6289 1483300506 0 0
96162 33695 1483286203 173 1
32832 34492 1483251806 0 1
18526 46096 1483307273 0 1
40506 51790 1483259211 0 1
32221 51790 1483250119 0 1
133081 66879 1483306869 0 1
112494 33261 1483295478 17 1
50556 2093 1483263564 0 0
97223 46358 1483287061 0 1
59679 69281 1483267142 0 0
22823 46358 1483232886 67 1
130688 2483 1483305664 0 1
62528 30559 1483268266 0 1
130641 17032 1483305633 0 1
98961 34605 1483287411 0 0
6137 46624 1483268902 48 1
33705 30559 1483253386 99 1
121867 73003 1483302637 103 1
63564 65960 1483269161 0 1
67143 70932 1483270292 0 1
34958 20551 1483254897 0 0
81997 3466 1483290876 165 1
47751 6698 1483262440 0 0
124711 20143 1483303372 0 0
19864 51790 1483269598 0 1
11091 18027 1483228366 0 0
110957 50322 1483294420 7 1
68424 51790 1483274161 22 1
101605 59011 1483288748 43 1
141740 65462 1483311407 0 1
72955 6088 1483272806 0 0
122033 60089 1483302088 0 0
64446 58309 1483269092 0 0
52926 59011 1483295045 0 1
92911 46624 1483288942 13 1
38994 7495 1483291745 0 1
40303 72212 1483299272 0 0
76563 65528 1483300168 99 1
128877 64012 1483305143 58 1
57968 73003 1483284618 25 1
25652 12272 1483298745 0 0
59667 35660 1483304463 0 0
7020 23581 1483273461 16 1
69961 8594 1483271850 2 1
8231 7495 1483306702 0 1
18130 50024 1483231040 0 1
51185 46624 1483267201 0 1
58130 39195 1483266592 0 0
49378 51790 1483263101 56 1
9276 30559 1483227904 0 1
35223 33695 1483286205 0 1
1104 7358 1483259135 0 0
62940 33695 1483268429 162 1
121148 32123 1483301637 0 0
113004 33261 1483295767 17 1
4694 46358 1483226762 0 1
86457 16039 1483286286 0 0
42252 13807 1483271199 0 1
56648 66371 1483265954 0 0
47670 48416 1483262404 36 1
37109 73003 1483282480 3 1
41843 67564 1483271975 0 0
41309 28486 1483259744 0 0
11782 30559 1483228557 15 1
4588 61490 1483260840 0 0
61167 60734 1483267918 0 0
73244 73065 1483272965 0 0
89764 2483 1483306804 0 1
11888 7495 1483294990 18 1
51981 7819 1483264089 35 1
45309 23581 1483261427 0 1
63540 7495 1483293117 15 1
112480 70932 1483295551 0 1
14212 58216 1483284107 0 0
56205 23581 1483265781 0 1
104098 71716 1483290121 0 0
126539 12188 1483303977 0 0
128793 2483 1483304843 0 1
113699 7495 1483296191 0 1
47980 5707 1483270464 1 1
72123 74070 1483272427 0 0
59451 24980 1483267058 0 0
102603 35611 1483289324 0 0
14483 61601 1483272412 0 0
6309 46358 1483227132 41 1
35680 3447 1483255710 0 0
34248 40215 1483308535 0 1
50268 30559 1483263452 77 1
32763 14574 1483251423 0 0
76875 4619 1483275015 0 0
1130 17950 1483225874 0 0
55240 30559 1483265377 0 1
10250 11090 1483228155 4 1
88145 34806 1483282543 0 1
88020 52967 1483282308 0 1
80703 70932 1483277520 0 1
48228 64811 1483274827 0 0
96542 4784 1483286516 0 0
47744 33835 1483262436 0 0
81298 60494 1483278014 0 0
1967 19482 1483226103 0 0
69782 1766 1483271468 59 1
73220 13807 1483272954 0 1
32447 52417 1483289960 0 0
4792 33731 1483291048 0 0
15898 12244 1483302349 0 1
122090 28876 1483302114 0 0
32495 33261 1483289896 0 1
68486 33695 1483271111 0 1
107340 59011 1483292045 0 1
40621 8594 1483259270 57 1
75519 52391 1483285352 0 0
73412 13807 1483273060 0 1
3609 8594 1483226491 6 1
14661 30632 1483258899 0 0
35022 33602 1483254981 0 0
50409 73435 1483275102 0 0
109781 33261 1483293650 0 1
109321 73003 1483293516 49 1
28702 33695 1483274284 0 1
22543 1957 1483232896 0 0
10882 35797 1483228314 0 0
25576 23581 1483266312 47 1
52727 51790 1483264374 20 1
8259 48262 1483302570 0 0
33582 69669 1483253017 0 0
378 43209 1483306433 0 0
83101 37824 1483282551 0 0
875 55908 1483288223 0 0
121269 2303 1483301826 82 1
138508 2483 1483309300 0 1
74189 3078 1483279112 307 1
90307 59011 1483285611 1 1
16821 11496 1483230200 0 0
19660 73003 1483282459 0 1
15371 30559 1483229665 0 1
44215 15058 1483260960 30 1
60900 15190 1483276709 0 0
15239 73003 1483295493 58 1
117267 40215 1483298617 148 1
64248 49182 1483271834 0 1
140052 32410 1483310280 132 1
121815 33261 1483302073 0 1
73313 51790 1483273096 56 1
106251 42033 1483291396 0 0
10761 2370 1483311071 0 0
111770 58368 1483307455 0 0
22488 59599 1483232865 0 0
17451 30559 1483230448 49 1
105894 45829 1483291205 41 1
37270 51602 1483257175 0 0
125359 31468 1483303473 0 0
13550 64306 1483229217 0 0
90528 70932 1483292983 50 1
28402 17032 1483308684 0 1
105071 73889 1483307559 0 0
3171 54356 1483287700 0 0
102267 72747 1483289136 0 0
2289 30176 1483226182 0 0
76531 62517 1483274808 0 1
31633 19883 1483248528 0 0
108881 16901 1483293042 0 0
60177 67903 1483267327 0 0
120544 73003 1483301067 0 1
37650 10190 1483257625 0 1
11144 46358 1483228381 5 1
129275 62260 1483305048 0 0
44984 43040 1483261290 0 0
68449 61589 1483271196 0 0
920 46358 1483225801 0 1
59010 12132 1483266884 0 0
112588 59011 1483295690 0 1
23692 29821 1483233308 0 0
36112 48416 1483256380 23 1
90235 67042 1483283731 56 1
124104 37049 1483306588 0 0
68590 63855 1483270845 0 0
37101 7495 1483294083 0 1
26170 28704 1483270355 0 0
7370 29720 1483227397 0 0
93991 59754 1483285654 0 0
7150 59011 1483292489 55 1
108667 33261 1483292891 28 1
62481 18705 1483268777 0 0
113174 64709 1483295879 0 0
123547 15482 1483304151 470 1
90021 56067 1483283603 0 0
48935 72735 1483262918 0 0
124506 59419 1483303265 0 0
60993 10190 1483267634 1 1
79066 30559 1483276466 0 1
117239 20593 1483298601 0 1
26137 2483 1483307359 123 1
122832 42064 1483302419 0 0
135340 72442 1483307753 0 0
3745 47871 1483226523 0 0
25503 30559 1483234510 0 1
2058 1766 1483226124 0 1
18848 35685 1483230989 0 0
89373 70932 1483283256 0 1
19927 36599 1483231437 0 0
110885 26219 1483294981 0 0
135438 10470 1483307966 0 0
9374 13260 1483227929 0 0
5651 46358 1483227135 74 1
23979 51790 1483289132 0 1
71646 71638 1483305403 0 0
77005 37427 1483275112 114 1
19585 19902 1483231290 0 0
123622 8206 1483303046 0 0
117897 37879 1483305409 0 0
53856 62927 1483264817 0 0
1009 33261 1483286784 0 1
33328 30559 1483252587 0 1
84592 54855 1483280192 0 0
30699 23581 1483244882 0 1
32685 67686 1483251244 0 0
29466 39663 1483286237 0 0
46736 74647 1483262029 0 0
39851 51790 1483258867 72 1
14600 56774 1483230670 0 0
5321 50322 1483299606 23 1
3710 68867 1483289120 0 0
114835 33261 1483296929 0 1
24799 50322 1483234078 0 1
14772 45829 1483229741 0 1
21811 55471 1483277930 0 0
90073 52967 1483286480 0 1
25246 18217 1483253750 0 0
118479 15058 1483303776 0 1
47381 70459 1483262286 0 0
23134 21225 1483308780 0 0
32058 34806 1483276279 0 1
58946 39541 1483270439 0 0
28248 8317 1483310081 0 0
36511 48498 1483297147 0 0
37138 11090 1483257170 0 1
36956 22728 1483285463 0 0
4477 46358 1483226710 88 1
32604 30559 1483251006 52 1
124247 7495 1483303033 0 1
18292 9425 1483291560 0 0
14286 63387 1483229292 0 0
71738 13807 1483272163 125 1
31739 67894 1483280646 0 0
134943 69662 1483307669 0 0
100019 59011 1483287922 0 1
136217 18086 1483308170 0 0
29526 67042 1483243664 1 1
33244 29575 1483252430 0 0
96290 59011 1483286451 0 1
60073 59011 1483303889 0 1
45955 56116 1483261876 0 0
114261 24235 1483296571 0 0
70155 59011 1483284439 0 1
118430 68650 1483299442 0 0
71437 8594 1483272013 0 1
100298 25630 1483288228 0 0
58999 23581 1483266879 33 1
6272 16448 1483227122 0 0
8031 71712 1483302201 0 0
15594 17032 1483306881 0 1
121820 17032 1483302311 0 1
104150 36115 1483290153 55 1
37662 51582 1483259156 0 0
8795 46358 1483259853 0 1
67669 72414 1483286510 0 0
42522 7495 1483291719 0 1
48569 32715 1483262959 0 0
28925 50024 1483238640 77 1
82572 14874 1483308063 0 0
42197 65866 1483261576 0 0
31717 54464 1483248762 0 0
44280 43088 1483260988 0 0
80686 63353 1483303052 0 0
31717 63957 1483291258 0 0
26834 23581 1483269323 0 1
78689 23581 1483276233 0 1
24849 56039 1483234049 0 0
115079 7495 1483303866 43 1
73217 50702 1483289992 0 0
28938 56381 1483299744 0 0
107242 26464 1483292358 0 0
49758 35287 1483286841 0 0
24207 34681 1483284585 0 0
26969 30559 1483261146 1 1
115632 22296 1483297479 0 0
135796 67042 1483308404 0 1
139180 17032 1483309727 117 1
87034 24300 1483281749 0 0
12773 4926 1483284219 0 0
104283 17032 1483301902 109 1
5221 62426 1483278771 0 0
23557 33261 1483285907 0 1
71827 33261 1483288880 0 1
93417 21121 1483286166 0 0
127259 13807 1483308538 0 1
67066 30559 1483270346 0 1
70374 5395 1483302873 0 0
72366 46624 1483272492 33 1
97767 8677 1483296468 0 0
87377 52523 1483281931 0 0
96773 57911 1483311370 0 0
83466 46358 1483279363 0 1
79375 52271 1483276642 0 0
55479 54710 1483305985 45 1
16181 52037 1483267664 0 0
115827 5281 1483305629 0 0
74830 13807 1483274037 0 1
102329 59011 1483289193 0 1
127433 17032 1483304302 0 1
93749 33261 1483306968 10 1
3454 12322 1483306188 0 0
19424 36115 1483303803 0 1
83261 59511 1483279202 56 1
133756 60351 1483309485 0 0
42320 33261 1483302860 0 1
121466 23159 1483301761 0 1
56366 51790 1483265837 22 1
83146 15807 1483279120 0 1
12876 46358 1483228847 69 1
66191 7495 1483308753 63 1
69831 51790 1483271352 43 1
141559 2483 1483311242 0 1
72800 51790 1483272728 16 1
106387 61026 1483291812 0 0
85940 73003 1483301856 45 1
53674 48416 1483265412 14 1
108806 64375 1483293001 0 0
14599 46358 1483229398 0 1
29066 1766 1483268062 0 1
51665 12947 1483263978 0 0
31463 49687 1483247980 0 0
24875 54710 1483291855 64 1
50422 73384 1483263507 0 0
5952 70932 1483251408 49 1
106298 50989 1483291528 2 1
16203 30559 1483229965 0 1
75110 51790 1483273999 19 1
126987 7495 1483304166 7 1
65281 46358 1483269491 0 1
137378 59011 1483309684 0 1
5022 52967 1483292821 33 1
15893 33695 1483267317 67 1
22017 8388 1483232390 110 1
71522 63061 1483272098 0 0
34682 17032 1483305766 0 1
27230 51790 1483267898 11 1
106154 33261 1483291344 0 1
84054 51790 1483279790 65 1
13990 33298 1483254882 0 0
50774 57727 1483263646 0 0
104707 73003 1483290554 6 1
15149 50268 1483229588 0 0
43599 15274 1483306513 0 0
14042 37732 1483229203 0 0
34525 66253 1483269609 0 0
37947 21457 1483257682 0 0
30902 46358 1483245383 55 1
108137 12007 1483292535 0 0
53057 64282 1483264503 0 0
111226 65002 1483294639 0 0
26629 12244 1483309482 40 1
47767 58916 1483287425 0 0
140991 73370 1483310821 0 0
91288 10745 1483284157 0 0
16321 33261 1483289025 0 1
74124 46624 1483273483 0 1
48313 51790 1483262667 0 1
34485 30559 1483254296 0 1
106308 42150 1483291426 54 1
83048 33695 1483279281 236 1
63021 42326 1483295901 0 0
43402 29787 1483260610 0 0
91971 45829 1483285369 243 1
44300 51790 1483260994 0 1
90389 13807 1483284205 85 1
117547 71803 1483298803 0 0
9666 48416 1483271738 0 1
45673 35019 1483298105 0 0
141348 2483 1483311075 193 1
44141 2483 1483308298 0 1
67916 59011 1483294859 0 1
29706 52623 1483301530 0 0
45672 5864 1483261586 0 0
44043 51790 1483260885 0 1
98350 56568 1483287123 0 0
13472 59265 1483264285 0 0
9042 46358 1483227849 0 1
105465 38912 1483308379 0 0
11729 70932 1483298160 0 1
40274 66450 1483259081 0 0
125979 70932 1483304474 281 1
36872 57812 1483256885 0 1
94326 33261 1483295230 76 1
132360 12244 1483306692 0 1
71388 36115 1483295353 22 1
99546 6071 1483287773 0 0
87942 73003 1483282258 0 1
52828 1766 1483264416 0 1
72273 60927 1483272441 0 0
109145 73003 1483293203 0 1
100916 13807 1483301875 0 1
13677 15721 1483229084 0 0
37517 38802 1483284181 0 0
54772 46358 1483265272 0 1
105701 31002 1483291157 0 0
80808 72523 1483309159 0 0
121633 6784 1483301862 0 0
28332 8594 1483237500 0 1
100674 21920 1483309272 0 0
83125 17032 1483309371 0 1
11778 66944 1483259416 0 0
8826 28198 1483227790 0 0
7415 57151 1483302692 0 0
71179 28047 1483296089 0 0
76509 8594 1483275040 0 1
78196 11313 1483299651 0 1
4984 67581 1483288830 0 0
47983 46358 1483262668 0 1
134307 2483 1483307342 0 1
125608 7495 1483305547 0 1
103703 12244 1483296600 0 1
46041 51790 1483261747 81 1
23108 14589 1483233169 0 0
21477 73003 1483295537 0 1
41477 7967 1483259723 0 0
83073 3274 1483282154 0 0
98598 73350 1483287286 0 0
45387 23581 1483261461 0 1
2245 59011 1483285452 3 1
56483 33695 1483269304 0 1
71821 30559 1483286598 0 1
106765 67042 1483291672 0 1
72134 14294 1483273219 46 1
91600 53644 1483284441 0 0
26186 39906 1483265792 0 0
10560 43346 1483290404 0 0
138746 17032 1483309417 0 1
114455 12861 1483296739 0 0
53407 34492 1483306132 0 1
37859 30559 1483264975 0 1
44581 33261 1483290836 0 1
16769 33695 1483286028 94 1
20111 12244 1483297298 0 1
71525 46196 1483272056 0 0
18066 50989 1483231240 4 1
105392 37794 1483290932 0 0
28549 62928 1483294918 0 0
123943 59825 1483302896 0 0
19775 44924 1483231370 0 0
57677 48416 1483266513 0 1
94397 66799 1483307708 0 0
23786 50024 1483233372 12 1
34861 51790 1483254787 0 1
133945 2483 1483307142 0 1
46483 30025 1483299579 49 1
45652 22062 1483290953 0 0
4095 13807 1483273540 0 1
62145 53920 1483268117 0 0
109682 20956 1483305730 0 0
22806 8594 1483232952 132 1
65816 46358 1483270220 0 1
113622 54710 1483296139 25 1
79736 38769 1483299248 0 0
35786 885 1483255825 0 0
96720 59011 1483286509 22 1
84783 29906 1483280349 0 0
17281 2642 1483273586 0 0
108100 33261 1483292514 59 1
127228 42600 1483304222 0 0
85285 52967 1483284379 41 1
116078 73814 1483297787 0 0
38848 73238 1483258334 0 0
104890 8594 1483290715 37 1
131169 61803 1483305843 0 0
64448 19552 1483269092 0 0
35575 30559 1483255624 0 1
13138 46068 1483289484 0 0
94985 34575 1483285731 0 0
3449 70932 1483276954 0 1
118039 66898 1483299337 0 0
68369 33261 1483310263 0 1
116765 73003 1483298337 0 1
75138 2021 1483274014 0 0
107015 33261 1483291938 1 1
15703 66407 1483247900 0 0
71667 30559 1483272127 0 1
123804 33261 1483302901 91 1
59220 46624 1483266969 99 1
58868 69826 1483266827 0 0
37221 30559 1483257207 40 1
33463 73003 1483306656 57 1
64161 44943 1483268963 0 0
42160 49472 1483260056 0 0
140670 23603 1483310574 0 0
91309 67042 1483284166 0 1
123578 33261 1483302835 3 1
107656 65851 1483292240 1 1
113629 71430 1483296394 0 0
24364 53634 1483292891 0 0
31201 41686 1483310115 0 0
141498 44078 1483311194 0 0
123459 17032 1483302693 0 1
71039 30559 1483271837 0 1
31704 144 1483272695 0 0
132478 30559 1483306614 4 1
53493 17470 1483298303 0 0
31180 63232 1483247047 0 0
40339 592 1483259115 0 0
107691 24721 1483292258 0 0
100924 25710 1483288353 0 0
111286 30497 1483294653 0 0
8875 30559 1483227803 58 1
116245 67027 1483297896 0 1
86270 2891 1483282539 0 0
135408 13471 1483307792 0 0
30699 30559 1483244868 13 1
59639 56779 1483267126 0 0
114949 5093 1483297143 0 0
9780 28338 1483296006 0 0
115693 23507 1483297576 0 0
100949 67042 1483288367 0 1
53540 30559 1483271318 0 1
37168 12162 1483257100 0 0
7065 13093 1483286683 0 0
44106 1766 1483261199 9 1
98390 28092 1483287158 0 0
72342 12244 1483293921 87 1
41799 70932 1483284423 0 1
76422 59132 1483274737 0 0
141708 30559 1483311382 0 1
59454 46624 1483268471 65 1
49878 2483 1483306705 0 1
6843 33261 1483287991 0 1
24917 43192 1483284701 0 0
67327 33695 1483270357 19 1
104562 9432 1483290412 0 0
134832 13278 1483307503 0 0
64742 5582 1483269235 0 0
43946 69696 1483296406 0 0
65252 32390 1483269476 0 0
92288 33226 1483289247 0 0
41788 1909 1483260022 0 0
44083 1766 1483261076 246 1
10290 30559 1483228164 1 1
118634 11657 1483299876 0 0
7381 13807 1483274169 0 1
15305 33108 1483275138 0 0
34053 15957 1483253730 0 0
68467 30559 1483270795 0 1
11208 50133 1483228712 16 1
10341 34806 1483278739 0 1
67575 19555 1483286381 0 0
25323 17872 1483234380 0 0
11532 51790 1483274808 0 1
108795 73003 1483292995 48 1
55244 33261 1483289699 24 1
17392 50024 1483230427 0 1
40576 324 1483259518 0 0
41862 39347 1483271333 0 0
11850 7495 1483303330 0 1
85115 33261 1483293395 40 1
47128 51790 1483262187 33 1
117615 33261 1483298928 22 1
76586 33695 1483274839 43 1
47567 65130 1483306958 0 0
90530 68634 1483283885 0 0
54697 64491 1483265166 0 0
55785 13285 1483265721 0 0
67857 46624 1483270557 0 1
103519 7495 1483293918 0 1
25452 30559 1483234462 97 1
55402 62920 1483265829 0 0
53847 66845 1483287845 0 0
84921 13807 1483280462 0 1
105525 59011 1483291005 0 1
56320 30559 1483265819 0 1
54946 48080 1483265263 0 0
14826 47778 1483286312 0 0
20042 59011 1483285879 0 1
136239 17032 1483310734 0 1
16519 52300 1483230142 0 1
53744 56396 1483265319 0 0
8284 46606 1483308023 0 0
34116 21812 1483253800 0 0
7774 70932 1483284205 170 1
110343 32678 1483294007 0 0
87668 25276 1483282172 0 0
131331 17032 1483305910 0 1
81037 40897 1483285411 0 0
45913 27241 1483261846 0 0
116517 50322 1483298098 0 1
54649 62831 1483265149 0 0
15230 50024 1483266155 67 1
731 17032 1483301661 0 1
41021 30559 1483259496 35 1
138913 18778 1483309664 0 0
89175 49182 1483283110 50 1
139561 46096 1483309897 35 1
23807 18402 1483233383 0 0
26785 50799 1483293181 0 1
85558 13807 1483280885 0 1
57625 70932 1483280952 0 1
53108 37773 1483264521 0 0
55958 70932 1483281778 0 1
50230 37421 1483264018 18 1
76761 48416 1483274944 0 1
7610 17476 1483271820 0 0
57634 17032 1483301560 0 1
7501 59011 1483286223 0 1
8079 45891 1483297694 0 0
92083 34532 1483298214 0 0
33117 62954 1483252173 0 0
108255 20686 1483292625 0 0
44899 59011 1483286305 16 1
40074 23581 1483258985 13 1
119938 62195 1483300763 0 0
134238 17548 1483307470 0 0
113413 7495 1483296034 143 1
88731 2483 1483305118 0 1
105959 46096 1483309442 50 1
81473 22536 1483285987 235 1
62189 17032 1483306845 0 1
117665 17032 1483302297 0 1
25067 6616 1483234403 0 0
10876 29622 1483228381 0 0
16479 2483 1483305764 47 1
50568 36178 1483287060 0 0
37615 23581 1483257436 0 1
89224 70932 1483283141 0 1
23991 39013 1483233613 0 0
127150 38181 1483304192 0 0
36304 50322 1483257841 34 1
95886 33261 1483286091 0 1
25338 59421 1483234387 0 0
57530 30559 1483266309 1 1
52981 48246 1483264658 0 0
31801 48416 1483248981 0 1
112000 12244 1483296525 0 1
34858 51790 1483254783 48 1
73142 10080 1483272912 0 0
17931 50024 1483230631 0 1
22778 14342 1483269415 0 0
48291 70932 1483262716 0 1
101103 43404 1483288454 0 0
76492 70932 1483310122 179 1
28248 60817 1483272211 0 0
120534 10649 1483301156 0 0
40134 1215 1483259205 0 0
45561 30559 1483261539 0 1
5866 46358 1483227031 152 1
61137 31225 1483267825 0 0
42590 26036 1483260247 0 0
65091 8594 1483269400 0 1
139659 56318 1483310098 0 0
25046 39843 1483234194 0 0
55575 49348 1483285978 0 0
104118 7394 1483290162 0 0
52010 30559 1483264099 0 1
83903 13807 1483279674 0 1
141219 2483 1483311029 0 1
88540 30559 1483282653 0 1
10262 5378 1483228189 0 0
66099 61771 1483269872 0 0
122916 31785 1483302518 0 0
47728 30559 1483262429 0 1
127579 15325 1483307190 0 0
77857 63230 1483275683 0 0
50391 17032 1483302014 0 1
36683 68158 1483256682 0 0
14720 14294 1483263240 0 1
126402 34686 1483303877 0 0
64025 36115 1483304889 21 1
27493 59511 1483271434 0 1
19687 30559 1483231326 0 1
123804 38091 1483302901 0 0
67699 13807 1483274175 71 1
1038 68012 1483289572 0 0
66168 53740 1483269958 0 0
27643 54840 1483286983 0 0
35880 31298 1483255925 0 0
105292 60540 1483290885 0 0
94951 40803 1483291326 0 1
72253 58616 1483272573 0 0
101164 33261 1483288488 0 1
31336 48416 1483247564 0 1
62906 30559 1483268416 0 1
7574 73003 1483287446 87 1
137742 2483 1483308869 68 1
57880 43679 1483285871 0 0
31912 48416 1483251056 12 1
6035 70932 1483277107 71 1
4369 48416 1483261585 1 1
101828 70932 1483288875 199 1
20682 20004 1483265929 0 0
80308 26004 1483277226 0 0
97530 11444 1483286898 0 0
30214 30559 1483242255 0 1
41166 30559 1483259564 109 1
81285 60882 1483277829 0 0
2979 48416 1483269724 21 1
5729 23581 1483266104 0 1
8426 54967 1483227677 0 0
73130 40463 1483301200 0 0
129806 38036 1483305295 0 0
108467 50322 1483292783 0 1
65069 30559 1483269389 0 1
33609 7819 1483253099 22 1
12526 12244 1483294234 0 1
72758 51790 1483272869 0 1
30249 58324 1483285206 0 0
127257 37710 1483304232 0 0
118819 11313 1483299724 0 1
64426 51790 1483269082 0 1
21297 67578 1483232119 0 0
115797 73916 1483298087 0 0
115186 13807 1483298130 87 1
15618 23791 1483295338 0 1
56513 2483 1483307327 0 1
42785 13807 1483274113 0 1
2541 30559 1483229333 0 1
25406 2483 1483307665 0 1
46494 33261 1483288034 0 1
137185 256 1483308603 0 0
38922 51790 1483258309 0 1
99615 15151 1483287724 0 0
133690 13643 1483307084 0 0
96349 36184 1483286723 0 0
65340 59511 1483269521 0 1
108199 30985 1483292576 0 0
111401 54458 1483294727 0 0
3743 24361 1483226522 0 0
70279 38019 1483308044 0 0
75012 65152 1483307439 0 0
11000 64012 1483299025 50 1
118807 53430 1483299714 0 0
74883 51790 1483273889 0 1
13898 59011 1483285143 0 1
72314 7495 1483296455 0 1
91911 57201 1483284580 0 0
87492 15291 1483282002 0 0
11649 10190 1483228664 0 1
98904 30683 1483287410 0 0
2029 29330 1483296466 0 0
87590 60773 1483289434 0 0
91186 70932 1483284122 0 1
78000 46358 1483275940 2 1
123233 17032 1483302694 0 1
95838 60127 1483286074 0 0
14670 124 1483299747 0 0
41374 49877 1483300599 0 0
92675 59011 1483284746 0 1
10320 29060 1483228183 0 0
138526 57068 1483309312 0 0
96524 46096 1483307829 48 1
22194 5460 1483232494 0 1
943 32682 1483260279 0 0
85505 31731 1483280854 0 0
120622 39127 1483307057 0 0
2760 9296 1483226295 0 0
47861 72137 1483262484 0 0
85355 59858 1483280757 0 0
116494 58884 1483303213 0 0
512 74141 1483288293 0 0
5270 33261 1483294782 0 1
120277 73003 1483301512 98 1
26372 11090 1483235276 0 1
39378 17590 1483258596 0 0
199 16714 1483261097 0 0
97712 49726 1483286854 0 0
103507 59011 1483289793 0 1
24489 50024 1483233895 0 1
13145 13807 1483287466 22 1
21041 34675 1483311584 0 0
9961 11543 1483304751 0 0
16959 60042 1483230256 0 0
45191 59011 1483291976 47 1
9573 46358 1483227983 0 1
6281 73000 1483299061 0 0
52137 15263 1483264349 0 0
75403 33261 1483296750 67 1
30466 8594 1483243352 0 1
22645 73800 1483283119 0 0
56197 8594 1483292037 0 1
119154 56598 1483300220 0 0
40673 23581 1483259299 0 1
127293 17032 1483304246 0 1
20755 10936 1483279662 29 1
113 55762 1483225340 0 0
128805 17032 1483304845 0 1
77880 31461 1483286408 0 0
123045 17032 1483302509 0 1
44418 36115 1483295046 0 1
125425 7992 1483303495 0 0
75594 11090 1483274227 69 1
116048 14322 1483311361 0 0
73191 33695 1483283251 27 1
123397 24699 1483302662 0 0
78490 63426 1483276380 0 0
11166 48433 1483228620 0 0
13596 51790 1483264228 0 1
60250 74258 1483267358 0 0
108546 13807 1483293301 111 1
31297 46358 1483247317 0 1
30219 18244 1483289924 0 0
12595 28433 1483284036 0 0
79577 8928 1483277209 0 0
92569 31022 1483289348 0 0
89066 72790 1483283036 0 0
89266 52967 1483283164 0 1
61001 33261 1483291219 137 1
18 46358 1483230243 6 1
50800 51790 1483263706 0 1
90251 11313 1483303589 18 1
109349 12244 1483293332 126 1
21104 50024 1483232101 30 1
13843 16126 1483274424 0 0
47107 2723 1483298671 0 0
76411 42198 1483274730 0 0
110019 40215 1483303147 0 1
14587 36986 1483267163 124 1
8916 57050 1483229738 0 0
78570 44662 1483276162 0 0
46305 70901 1483262053 5 1
18130 30559 1483230697 0 1
86173 11090 1483281291 0 1
42389 51790 1483260155 27 1
7667 26991 1483227473 1 1
107723 33925 1483302321 0 0
6100 61068 1483227085 0 0
121118 23798 1483301521 0 0
78244 8428 1483301651 0 0
21535 70932 1483295521 0 1
74615 48416 1483274368 0 1
82936 59011 1483286003 6 1
75568 234 1483284785 0 0
20945 8594 1483301106 66 1
127565 17032 1483304354 0 1
22317 63102 1483258055 0 0
124520 34515 1483303217 0 0
77221 33695 1483275354 88 1
102891 70932 1483289480 0 1
91371 33261 1483288439 0 1
11469 9517 1483228468 0 0
94364 50024 1483285491 0 1
60575 30559 1483267488 30 1
140494 23581 1483310676 19 1
58173 1303 1483266549 0 0
29857 30559 1483241086 0 1
128505 1985 1483304725 0 0
11554 56541 1483271367 0 0
54902 4788 1483265439 0 0
100813 33261 1483288436 0 1
41099 56689 1483259530 0 1
127231 33261 1483304271 130 1
12733 55662 1483228807 0 0
11972 70932 1483277718 0 1
78306 13807 1483275977 99 1
49810 74812 1483293393 0 0
1830 37450 1483226066 0 0
133359 17032 1483306846 0 1
127155 64145 1483304299 0 0
7818 51795 1483286804 0 0
46139 73003 1483306413 89 1
44672 37421 1483261371 50 1
61570 50024 1483267871 0 1
58531 5422 1483266703 0 0
21857 70226 1483265419 0 0
8763 67401 1483306149 0 0
117480 58641 1483298887 0 0
114581 56922 1483296773 0 0
22238 50024 1483232537 45 1
1051 30559 1483225847 116 1
7660 30559 1483227471 0 1
58235 54923 1483266978 0 0
40054 33561 1483258973 0 0
118262 48062 1483299537 0 0
1083 48416 1483272651 0 1
91250 70932 1483284143 0 1
83312 46624 1483279234 19 1
5500 37421 1483269764 0 1
54400 50024 1483265055 0 1
81910 20410 1483278266 0 1
41888 8594 1483259925 0 1
50720 52165 1483263936 0 0
91246 33261 1483289542 53 1
113091 7495 1483295823 0 1
80191 7585 1483307358 0 0
95070 70932 1483289544 0 1
76563 63641 1483301227 0 0
83292 12302 1483284962 0 0
66806 46096 1483310023 284 1
15551 1766 1483267397 17 1
62598 46096 1483306063 167 1
35083 33695 1483273968 37 1
20456 74836 1483298931 0 0
70971 1536 1483272436 0 0
91376 66543 1483284195 0 0
124616 52967 1483303426 0 1
7888 16709 1483227672 0 0
101590 30559 1483288741 0 1
139210 29308 1483309686 0 0
125157 51790 1483303707 13 1
129220 17032 1483305021 0 1
72595 13807 1483272620 0 1
53097 26053 1483264515 0 0
56181 25838 1483265769 0 0
60886 30559 1483267706 0 1
81056 2483 1483307878 33 1
54304 59011 1483285723 0 1
39622 16432 1483259222 0 0
80719 33261 1483292178 17 1
80246 67343 1483291600 0 0
60523 64579 1483267650 0 0
98107 59011 1483287022 0 1
59550 5145 1483285333 0 0
44905 34716 1483261676 0 1
12279 46784 1483228736 0 0
131677 1769 1483306058 0 0
140915 46956 1483310767 0 0
119608 59011 1483300529 0 1
138011 46096 1483309059 0 1
443 2483 1483311506 114 1
36549 73003 1483307116 0 1
19849 23581 1483259154 0 1
109267 59011 1483293283 0 1
52449 70932 1483264376 0 1
16072 30559 1483229922 0 1
98904 3920 1483287434 0 0
55497 1766 1483265509 46 1
62428 35176 1483268604 11 1
8014 30559 1483227564 0 1
11932 18413 1483309492 0 0
88809 10190 1483284863 41 1
40845 54941 1483307942 0 0
7271 11090 1483229114 0 1
6108 34062 1483276770 0 0
86821 73003 1483281622 65 1
27985 30559 1483237002 0 1
72684 32918 1483308499 0 0
58926 64012 1483298653 193 1
87201 73003 1483281842 80 1
41986 1766 1483260451 0 1
4254 67042 1483228926 0 1
17663 10190 1483230594 0 1
48275 50989 1483262654 0 1
2902 5171 1483226327 0 0
51182 53021 1483263804 0 0
81556 70932 1483278021 44 1
39778 15841 1483270869 0 0
84693 65017 1483280279 0 0
16984 10266 1483249813 0 0
128041 69506 1483304535 0 0
168 49221 1483225753 0 0
41053 30559 1483259508 155 1
127822 53376 1483304450 0 0
15702 52967 1483281557 0 1
119342 61617 1483300496 0 0
139659 64012 1483310098 0 1
21444 30559 1483232125 0 1
11537 51612 1483228489 0 0
78013 42639 1483284470 0 0
15670 46624 1483265571 0 1
23576 30559 1483233239 0 1
34501 69889 1483254704 0 0
13960 50024 1483233251 51 1
13332 52967 1483284293 0 1
63503 37801 1483269022 0 0
8158 39168 1483227603 0 0
25238 30559 1483234330 0 1
98908 66945 1483287494 0 0
55163 50024 1483265341 49 1
76339 59011 1483298166 0 1
17423 13058 1483230437 0 0
67032 51790 1483270255 30 1
41117 13807 1483279163 40 1
8934 30559 1483227818 0 1
39636 984 1483258726 0 1
28553 21535 1483237901 0 0
119367 14325 1483302543 219 1
54468 15058 1483265635 11 1
104740 13807 1483290524 48 1
93919 39059 1483287041 0 0
51485 2483 1483305717 0 1
86321 30083 1483281375 226 1
87495 22814 1483282113 0 0
19689 46358 1483258465 95 1
5896 51790 1483248560 21 1
103777 55142 1483289935 0 0
115173 33261 1483297139 0 1
73044 62833 1483272942 0 0
127616 33834 1483304374 0 1
14545 1128 1483296519 0 0
115603 33261 1483297533 28 1
39908 69882 1483280237 0 0
12328 30559 1483228701 0 1
44577 37427 1483261114 113 1
58196 34306 1483266657 0 0
64635 46624 1483269381 13 1
63685 50442 1483268755 0 1
45254 56620 1483282027 0 0
49242 37311 1483263053 0 0
80367 18136 1483277274 0 0
6308 10190 1483228371 31 1
1327 8594 1483225928 282 1
102035 28533 1483289088 0 0
3244 54710 1483302989 0 1
89635 33261 1483291792 0 1
49164 33261 1483286693 0 1
66925 24482 1483287657 0 0
12106 53556 1483300771 0 0
30479 40779 1483285694 0 0
101459 11435 1483288662 0 0
68044 32911 1483270630 0 1
63703 45990 1483294974 0 0
74411 59383 1483285720 0 0
33341 51790 1483252615 88 1
75802 52967 1483295319 0 1
23625 44297 1483233264 0 0
25909 51790 1483266090 0 1
135741 2483 1483307970 0 1
86440 47899 1483297524 0 0
22124 33467 1483308340 0 0
10411 33261 1483290249 4 1
19657 35519 1483231314 0 0
47446 54478 1483262594 3 1
83231 20938 1483279178 0 0
78620 67027 1483304488 69 1
14011 61111 1483230166 0 0
46418 59511 1483279952 0 1
38061 59046 1483257775 0 0
48355 33261 1483287352 0 1
22354 32450 1483232581 0 0
3389 7816 1483226461 0 0
70607 29850 1483271644 0 0
61978 73061 1483268048 0 0
19895 53382 1483231421 0 0
29291 64012 1483306004 0 1
14079 59011 1483286777 0 1
136281 7495 1483308202 0 1
9472 57029 1483265395 0 0
32358 5705 1483250437 0 0
62860 13807 1483272479 97 1
34712 12244 1483300683 0 1
84150 13807 1483279865 0 1
90577 50322 1483306916 0 1
39079 32873 1483302113 0 0
71646 19604 1483305455 0 0
2811 50024 1483235016 0 1
77942 50185 1483311313 0 0
37088 64567 1483287670 0 0
41059 12835 1483259511 0 0
2970 69150 1483257141 0 0
120705 2483 1483310183 56 1
39339 37228 1483258568 0 0
53844 14799 1483288853 0 0
98569 10255 1483287230 0 0
22378 72075 1483232600 0 0
25659 33261 1483286674 0 1
42658 30559 1483260279 0 1
79620 45985 1483276804 0 0
27756 51790 1483260142 0 1
49326 68434 1483263248 0 0
94263 52967 1483285450 0 1
91772 48640 1483289847 0 0
118211 46303 1483299616 0 0
125538 17032 1483303533 0 1
12926 52477 1483304166 0 0
68703 51790 1483270890 0 1
51114 55305 1483263780 0 0
86031 46096 1483309186 96 1
64061 33545 1483268916 0 0
52763 30559 1483264387 0 1
16053 2483 1483305443 0 1
33373 21448 1483304273 0 0
94586 33261 1483294675 23 1
27117 12244 1483296119 45 1
114498 42571 1483296718 0 0
65578 32133 1483271154 0 0
80535 60894 1483310190 0 0
10167 59011 1483293266 85 1
36357 30559 1483256390 111 1
95392 31627 1483285910 0 0
45334 33695 1483275378 0 1
98505 23581 1483287232 0 1
36642 4052 1483256914 0 0
22122 38258 1483269526 0 0
37346 52730 1483270611 0 0
32728 33695 1483270251 58 1
100934 33261 1483288359 0 1
16714 46358 1483230160 53 1
23099 7229 1483272513 0 0
83277 2483 1483309267 0 1
57454 7819 1483266276 44 1
100872 40606 1483288325 0 0
102868 12244 1483292782 0 1
134907 17032 1483307537 0 1
79144 13807 1483276510 34 1
40549 64052 1483261178 0 0
20533 30559 1483231712 0 1
69580 45829 1483290553 124 1
4414 67653 1483226696 0 0
140938 29622 1483310782 0 0
91923 526 1483290126 0 0
98069 50322 1483295621 0 1
16611 51790 1483266944 0 1
56828 14109 1483266023 0 0
43126 46358 1483260486 72 1
93468 14662 1483296406 0 0
32742 11325 1483251373 0 0
118546 64980 1483299575 0 0
101629 3053 1483288854 0 0
50777 33851 1483263834 0 0
31735 51790 1483248992 0 1
25358 13257 1483234397 0 0
112983 73003 1483295756 0 1
128577 68931 1483307963 0 0
58255 33695 1483286807 0 1
28611 5908 1483282111 0 0
77599 46059 1483289381 0 0
42517 50322 1483291044 55 1
62869 62902 1483268405 0 0
10586 23581 1483264680 0 1
63347 41066 1483268596 0 0
29362 68344 1483239692 0 0
69510 1766 1483271920 0 1
24030 11313 1483297918 0 1
2406 44802 1483226209 0 0
22231 30559 1483232511 115 1
46807 51480 1483262053 0 0
36240 43471 1483256566 0 0
102288 73003 1483289147 0 1
31881 30899 1483249246 0 0
94573 30745 1483285569 0 0
58899 71148 1483266949 0 0
125948 51428 1483303687 0 0
105065 33261 1483291070 0 1
50269 28189 1483263948 0 0
56659 30559 1483265959 0 1
57158 54629 1483273633 0 0
20270 14045 1483254728 0 0
103956 33261 1483290041 9 1
123448 48883 1483302689 0 1
17123 30559 1483230319 0 1
15158 57555 1483302718 0 0
76974 17032 1483302402 0 1
42126 29228 1483260043 0 0
97386 48416 1483286771 0 1
28654 23256 1483307301 0 0
59431 61353 1483267053 0 0
120759 28064 1483301250 0 0
78494 22936 1483276114 0 0
136802 17032 1483308436 0 1
87606 44273 1483297510 0 0
128669 35816 1483304791 0 1
89827 47138 1483283477 0 1
27427 30559 1483236229 0 1
61785 51790 1483267959 0 1
37649 16948 1483257473 0 0
103908 51649 1483307474 0 0
93554 73003 1483285442 0 1
61691 56433 1483268106 20 1
6019 51790 1483266376 33 1
44993 20249 1483287324 0 0
118196 64012 1483299266 0 1
50987 51790 1483263733 0 1
5838 72366 1483227024 0 0
11517 59011 1483292019 0 1
81242 12808 1483277890 0 0
14766 7495 1483293115 0 1
13744 14865 1483286872 0 0
797 2483 1483307690 0 1
123292 20025 1483302615 0 0
32985 933 1483251947 0 0
39770 48614 1483258816 0 0
45708 50024 1483261601 21 1
17479 30559 1483230460 0 1
20265 34716 1483232287 0 1
101654 73722 1483288779 0 0
43279 1766 1483260547 73 1
69512 68604 1483271219 0 0
45825 30025 1483299029 86 1
49453 7819 1483266301 69 1
41624 64943 1483305502 0 0
97536 30559 1483286779 163 1
66284 5077 1483269948 0 0
108033 7495 1483292468 0 1
102607 44513 1483289326 0 0
98374 5154 1483301173 0 0
105219 53885 1483291013 0 0
15654 8729 1483229770 0 0
68337 5176 1483270742 0 0
101743 3321 1483294509 0 0
48891 34154 1483262900 0 0
77344 17032 1483306222 0 1
103431 35176 1483289742 44 1
14750 40842 1483290243 0 0
87683 52967 1483282125 0 1
25689 33261 1483302171 0 1
40460 50024 1483259210 0 1
93526 59011 1483285119 0 1
6003 11090 1483227065 0 1
115709 67042 1483297535 0 1
1022 31023 1483225836 0 0
57935 2135 1483266808 0 0
41565 10190 1483259949 12 1
46527 68457 1483262021 0 0
14947 6018 1483286569 0 0
66819 59011 1483304024 0 1
73361 25855 1483287471 0 0
78972 33261 1483291081 40 1
72983 22946 1483285743 0 0
114939 7495 1483297056 10 1
77827 50594 1483287083 0 0
37613 73003 1483286428 117 1
59401 57683 1483267044 0 0
101272 8544 1483288552 0 0
8067 71460 1483227577 0 0
76719 24602 1483305886 0 0
16807 45214 1483230195 0 0
60387 59008 1483292077 0 0
109995 73003 1483293953 4 1
67664 30559 1483270530 0 1
25952 50024 1483234845 17 1
74275 40215 1483297880 0 1
62128 34788 1483270620 0 0
26061 73003 1483283809 0 1
57062 15657 1483266110 0 0
55651 33261 1483286469 0 1
62053 64012 1483305250 0 1
115424 30559 1483304728 0 1
51895 54104 1483310823 0 0
63380 48512 1483269493 0 0
41983 15127 1483259967 0 0
87717 51790 1483282142 48 1
16994 19310 1483230266 0 0
15309 46358 1483229645 0 1
129889 29937 1483305905 0 0
28632 48751 1483238426 0 1
113548 26148 1483296156 0 0
28647 37114 1483306369 0 0
22622 42490 1483307171 0 0
77156 56578 1483275208 0 0
271 40012 1483225496 0 0
43768 38592 1483260769 0 1
119805 5762 1483300513 0 0
99683 73003 1483287752 152 1
53955 30559 1483264861 0 1
26429 63017 1483235227 0 0
111342 11710 1483294692 0 0
66928 30559 1483270203 0 1
90754 3530 1483284013 0 0
14704 2484 1483229429 0 0
10345 48751 1483306094 0 1
98778 9459 1483287323 0 0
49405 56433 1483290320 11 1
85269 54257 1483281113 0 0
129353 17032 1483306812 112 1
30408 30559 1483243068 32 1
13109 44273 1483257444 0 0
135155 17032 1483307659 216 1
120352 17683 1483300903 0 0
134518 20410 1483307369 0 1
137016 17032 1483308528 0 1
81940 70932 1483278286 193 1
123155 4221 1483302725 0 0
124996 38329 1483303335 0 0
101740 6279 1483288828 0 0
104635 48813 1483290468 0 0
27864 59572 1483236776 0 0
22994 21486 1483307321 0 0
80099 33261 1483285615 0 1
51440 51790 1483263891 45 1
99178 33261 1483287515 22 1
113430 59011 1483296042 1 1
42782 52967 1483290216 46 1
59162 50322 1483308647 0 1
73816 46506 1483306553 0 0
65001 13590 1483305118 0 0
86226 70932 1483281362 0 1
7982 1766 1483227557 0 1
56727 46624 1483279289 0 1
78466 13807 1483276088 72 1
63322 30559 1483268734 125 1
62619 30559 1483300029 101 1
89427 32254 1483283253 0 0
116904 12674 1483305152 0 1
51751 69898 1483274498 0 0
26221 17032 1483302376 130 1
11862 50024 1483230258 26 1
14365 30761 1483287170 0 0
123859 39490 1483302861 0 0
104561 70932 1483290411 0 1
69919 30559 1483271386 0 1
83176 71076 1483279146 0 0
1281 44262 1483278779 0 0
12980 73003 1483284435 0 1
43999 7495 1483307394 0 1
72982 25148 1483301483 0 0
92063 64739 1483295440 0 0
13856 46808 1483311159 0 0
60502 68096 1483301345 0 0
21152 68193 1483305833 0 0
17416 72294 1483272212 0 0
102370 39024 1483298649 0 0
113270 30559 1483296196 183 1
127999 44188 1483304521 0 0
123922 23214 1483302888 0 0
131940 4033 1483306163 0 0
115274 59011 1483297383 0 1
15146 43750 1483229586 0 0
97173 52967 1483286625 1 1
55340 23249 1483276876 0 0
26986 30559 1483235768 0 1
76033 30817 1483274525 0 0
135839 16539 1483308011 0 0
56198 50015 1483284394 0 0
58020 34207 1483266483 0 1
62982 8594 1483268488 9 1
5581 1766 1483226963 35 1
79337 13807 1483276620 38 1
130587 17032 1483305610 0 1
104842 14639 1483290591 0 0
86975 48359 1483281714 0 0
95119 59011 1483285789 6 1
26161 33010 1483235018 0 0
53863 1766 1483264820 0 1
19176 66879 1483305508 0 1
39665 46624 1483274635 12 1
124891 2483 1483306827 0 1
87055 70932 1483281764 0 1
57436 7495 1483296305 0 1
53953 23223 1483265154 0 0
65011 8594 1483271504 50 1
131176 14451 1483305845 0 0
7886 62691 1483299484 0 0
6512 30559 1483227182 0 1
115159 67042 1483297132 0 1
99683 73003 1483288118 8 1
99621 73003 1483287726 70 1
100906 59011 1483288343 0 1
24508 31041 1483233829 0 0
22360 17283 1483232732 0 0
21755 30559 1483232261 115 1
2961 30559 1483226341 71 1
137090 73003 1483308665 0 1
20185 44881 1483231558 0 0
21211 59237 1483273862 0 0
58736 30559 1483266884 0 1
135278 67042 1483307723 0 1
27523 50024 1483236346 0 1
51302 39958 1483271657 0 0
47239 67027 1483298087 0 1
106847 24393 1483291726 0 0
86800 39854 1483281610 0 0
28192 1766 1483237318 0 1
47527 74446 1483286251 0 0
41850 39362 1483259907 0 0
23365 13807 1483278449 0 1
108884 33261 1483293043 0 1
51880 52817 1483264433 0 0
14182 46002 1483229251 0 0
38064 23229 1483257757 0 0
52964 2968 1483264465 0 0
113551 7495 1483296102 27 1
12576 70932 1483229180 0 1
50103 55435 1483264017 0 0
97008 51453 1483286561 0 0
117481 60912 1483298804 0 0
19537 34919 1483255441 0 0
63461 51790 1483268643 0 1
107261 12244 1483292001 0 1
70478 59011 1483297697 0 1
90675 68608 1483287714 0 0
39684 13807 1483276179 0 1
86159 23581 1483281286 0 1
39496 41057 1483258904 0 0
111829 62899 1483307861 0 0
53833 44977 1483264808 0 0
25551 58880 1483281928 0 0
14186 30559 1483229253 0 1
124460 67198 1483303120 0 0
104085 34532 1483290124 0 0
36448 16906 1483256479 0 0
20480 65318 1483231686 0 0
20802 73389 1483232892 0 0
123126 6882 1483302544 0 0
62083 33695 1483268089 0 1
29404 27604 1483239723 0 0
131870 2508 1483306134 0 0
141443 70302 1483311151 0 0
17430 30559 1483230439 0 1
56850 41962 1483266031 0 0
100713 18287 1483288245 0 0
128898 34832 1483304878 0 0
82090 63091 1483278371 0 0
28271 2390 1483237407 33 1
50184 59577 1483263423 0 0
114176 48416 1483296577 24 1
54015 74489 1483288920 0 0
126128 18273 1483304150 0 0
27487 73437 1483259049 0 0
100984 58416 1483288437 0 0
63762 8594 1483268790 360 1
64199 64012 1483302131 0 1
94794 12244 1483297421 0 1
15046 70932 1483286546 22 1
14947 58387 1483286620 0 0
70503 13807 1483301108 0 1
92959 35320 1483284956 0 0
29186 36363 1483240242 9 1
118987 13807 1483299849 16 1
29805 60237 1483296192 0 0
42683 33261 1483296357 0 1
74955 38052 1483273923 0 0
37549 12155 1483262965 0 0
92286 59011 1483284579 0 1
90342 53286 1483283798 0 0
131937 17032 1483306163 0 1
50399 25001 1483264216 0 0
65288 51790 1483269495 15 1
74672 51790 1483273795 0 1
120995 59929 1483301495 0 0
32652 8594 1483251151 99 1
141419 2483 1483311130 0 1
64204 9202 1483297961 0 0
97151 51901 1483299859 0 0
82675 30559 1483278777 0 1
28675 70932 1483304404 0 1
138559 17032 1483309334 0 1
66256 33695 1483269937 0 1
92624 36797 1483304141 0 0
12906 33261 1483288038 0 1
13089 13807 1483273033 0 1
125615 39137 1483307304 0 0
14795 26448 1483277172 0 0
70732 52967 1483296989 6 1
28544 55603 1483293049 0 0
82520 137 1483278671 0 0
11402 30559 1483228452 0 1
18809 14751 1483268711 0 0
125791 17032 1483303630 0 1
17696 36115 1483294706 0 1
75943 2483 1483310782 0 1
49063 51790 1483262975 15 1
102479 22488 1483295866 0 0
124434 62732 1483303109 0 0
45119 72811 1483261422 0 0
111486 34277 1483295303 0 0
9062 58319 1483228116 0 0
123501 17032 1483302710 0 1
88195 70932 1483301381 15 1
120116 12492 1483300825 0 0
72354 1759 1483272484 0 0
26516 52967 1483286104 48 1
24462 59011 1483289624 43 1
21170 30559 1483233539 0 1
98142 59011 1483287095 1 1
42940 30559 1483260395 0 1
20294 67042 1483231603 0 1
59792 59011 1483284533 6 1
140510 11090 1483310581 0 1
21387 60512 1483292664 0 0
55323 47121 1483265406 0 0
44341 27338 1483291350 0 0
101749 34511 1483288834 0 0
113191 59011 1483295903 1 1
63436 41942 1483268634 0 0
3063 33261 1483286010 0 1
35640 72338 1483298642 0 0
83243 30559 1483279190 0 1
138737 25543 1483309456 114 1
22363 58833 1483234472 0 0
51381 30559 1483263868 0 1
73934 34716 1483273358 63 1
99897 2390 1483287841 0 1
19807 8233 1483258389 0 0
81236 49044 1483285579 0 0
121457 67027 1483301807 0 1
108167 54710 1483292956 156 1
99852 33261 1483287822 15 1
22702 50799 1483232949 276 1
87837 20410 1483282203 0 1
85313 13807 1483281200 0 1
73037 10231 1483272848 0 0
55729 66329 1483285648 0 0
120685 67321 1483301503 0 1
68497 51709 1483270808 0 0
5263 8594 1483227750 0 1
135837 13243 1483308754 0 0
16685 63387 1483230147 0 0
31410 1766 1483247946 29 1
24503 66165 1483233825 0 0
96979 70932 1483286548 0 1
25721 33261 1483287922 34 1
5518 11090 1483226960 0 1
47563 49546 1483262358 0 0
67651 42452 1483270477 0 0
36051 45216 1483256095 0 0
20199 67042 1483231563 21 1
36240 30559 1483256427 0 1
5372 35951 1483265475 0 0
4499 48907 1483270008 0 0
77346 45952 1483275340 0 1
107630 34700 1483292327 0 0
33889 30559 1483253479 0 1
131963 2483 1483306179 0 1
46601 11090 1483262362 0 1
14093 46358 1483229221 50 1
126906 17032 1483304094 0 1
66012 2483 1483311371 0 1
90677 64947 1483286689 0 0
72551 30025 1483300746 0 1
101314 12076 1483288573 0 0
122937 73003 1483302464 0 1
45299 31587 1483306280 0 0
80313 12682 1483277229 0 0
51110 9060 1483263779 0 0
61422 33261 1483286801 0 1
137539 2483 1483308759 1 1
55024 39756 1483265520 0 0
139308 56304 1483311562 0 0
12817 23047 1483297088 0 0
137329 2406 1483308760 0 0
53250 40155 1483264582 0 0
141719 65960 1483311511 24 1
57756 73003 1483281729 96 1
46319 45090 1483292310 0 0
71657 73921 1483272121 0 0
26460 53530 1483309881 0 0
14515 34716 1483229373 0 1
49511 1766 1483263160 57 1
6132 51790 1483256985 34 1
66930 3743 1483270204 0 0
43302 25688 1483260559 0 0
98191 30559 1483304188 69 1
132233 2624 1483306389 0 1
43284 33684 1483260731 0 0
83321 21229 1483279239 0 0
68884 59011 1483309835 0 1
116395 6581 1483298000 0 0
14560 12265 1483290266 0 0
110009 7495 1483293752 0 1
49687 7495 1483296070 0 1
130273 1846 1483305479 0 0
76605 33261 1483297973 0 1
94754 2248 1483285634 0 1
33614 32815 1483253648 184 1
43966 52179 1483260852 0 0
20983 2483 1483310659 67 1
131036 69720 1483305788 0 0
74550 55707 1483273828 0 0
126252 54153 1483303805 0 0
16333 46358 1483230015 184 1
133563 19556 1483306934 0 1
107450 33261 1483292235 0 1
46458 50721 1483267740 0 0
28557 2199 1483237906 0 0
122245 64012 1483302178 0 1
52877 22978 1483264612 0 0
10456 36923 1483263287 0 0
9388 36194 1483227931 0 0
67299 54136 1483305291 0 0
66343 46791 1483275095 0 0
116676 60442 1483298319 0 0
57467 44869 1483272038 0 0
63428 52967 1483286610 0 1
139107 68874 1483309722 0 0
5860 69909 1483284892 0 0
54990 895 1483265283 0 0
63356 50799 1483274201 275 1
103047 13692 1483292751 0 0
71934 47091 1483272266 0 0
35275 2233 1483255294 0 0
122365 17032 1483302238 0 1
114206 47386 1483296611 0 0
45918 29599 1483273720 0 0
130597 12244 1483305616 0 1
11770 22641 1483271732 0 0
108874 59011 1483293037 19 1
41858 51790 1483259910 9 1
55177 58016 1483265668 0 0
71397 59890 1483293581 0 0
52567 67404 1483264313 0 0
72126 48728 1483300035 0 0
2877 70932 1483284165 28 1
115137 33261 1483297118 0 1
75138 51790 1483274014 0 1
17557 37934 1483297991 0 0
97236 41964 1483287243 0 0
4965 47944 1483241052 0 0
37213 3476 1483304260 0 0
66722 51790 1483270130 19 1
80703 5603 1483277470 0 0
5751 50799 1483272991 0 1
71315 13807 1483271958 55 1
21816 73003 1483282522 57 1
8548 37484 1483261985 0 0
124894 11768 1483303293 0 0
44521 67042 1483261555 0 1
76001 23694 1483291149 0 0
36053 48416 1483256100 13 1
4050 51790 1483265798 0 1
39589 49847 1483286265 0 0
85028 73003 1483280575 1 1
120965 33261 1483301439 0 1
22534 12244 1483293046 0 1
54623 51790 1483265138 0 1
1407 67042 1483258015 226 1
39717 30559 1483258785 0 1
52807 3717 1483273867 0 0
71298 13807 1483271951 0 1
78812 28098 1483276317 0 0
121917 73153 1483302031 0 0
131718 65801 1483306651 0 0
70223 32330 1483294775 0 0
137522 9311 1483310947 0 0
111616 7047 1483294877 4 1
30388 46358 1483243004 0 1
65475 53312 1483271224 0 0
60727 38048 1483267547 0 0
62815 35176 1483268396 1 1
55139 47770 1483265364 0 0
46183 21748 1483261803 0 0
74773 29131 1483274025 13 1
26102 18532 1483238453 0 0
29743 23915 1483300491 0 0
112112 2483 1483308856 59 1
11033 37020 1483228708 0 0
77856 64012 1483301114 0 1
108076 33261 1483292570 8 1
48098 59011 1483283983 0 1
126305 1725 1483303886 0 0
43486 15058 1483260646 0 1
16655 59106 1483230134 0 0
7473 52383 1483227423 0 0
23401 3331 1483256515 0 0
110797 33261 1483294307 119 1
79077 20665 1483276471 0 0
45448 13807 1483277303 0 1
134473 67147 1483309246 0 0
30378 62798 1483310907 0 0
1301 7495 1483291113 0 1
67439 15627 1483270397 0 0
92905 59011 1483284854 0 1
35185 1766 1483256335 0 1
75909 13807 1483274408 0 1
48257 30559 1483262647 17 1
42037 46358 1483259996 0 1
117914 40114 1483299067 0 0
46547 50024 1483262081 0 1
106298 37421 1483291510 7 1
99206 73003 1483287733 13 1
67933 37548 1483271023 0 0
22188 50024 1483232492 0 1
51055 46358 1483264736 277 1
73367 13807 1483273039 0 1
79203 22574 1483276542 0 0
13711 8594 1483229191 0 1
36627 13807 1483271480 0 1
28298 22839 1483282624 0 0
129058 50322 1483305360 0 1
69845 12244 1483293762 0 1
119855 54165 1483300542 0 0
120531 49137 1483301879 0 0
105642 33261 1483294442 0 1
66266 58833 1483269940 0 0
114728 8352 1483296862 0 0
14897 4801 1483310675 0 0
33757 46096 1483305493 0 1
69428 30559 1483271216 0 1
23812 46973 1483305367 0 0
34507 30559 1483254328 0 1
38499 8730 1483258198 0 0
73313 57334 1483273007 0 0
101696 72454 1483309485 0 0
2291 74567 1483226182 0 0
8504 3001 1483307283 0 0
51503 20046 1483264101 0 0
108260 73003 1483292629 243 1
51190 52967 1483285898 0 1
86421 73003 1483281423 43 1
16005 45829 1483230083 0 1
80991 47581 1483285279 0 0
77463 23581 1483275726 12 1
62005 51402 1483268062 0 0
18045 46358 1483268098 180 1
12872 43904 1483228846 0 0
35143 50024 1483255179 0 1
115262 33261 1483297206 0 1
8568 30559 1483227789 3 1
57218 51790 1483266372 0 1
39819 36089 1483258847 0 0
31349 64604 1483247580 26 1
23574 34970 1483233236 0 1
49256 5203 1483305318 0 0
52875 48416 1483264435 24 1
32714 30559 1483251326 5 1
119742 52967 1483300633 0 1
106246 22302 1483291395 0 0
1294 46358 1483225920 62 1
89170 73003 1483283108 101 1
4220 13807 1483270767 45 1
10364 20514 1483228182 0 0
107959 59011 1483295746 0 1
16279 25068 1483305030 0 0
95797 33261 1483286098 12 1
44377 15058 1483261028 0 1
86488 38910 1483281454 0 0
96044 64012 1483299481 93 1
127082 18993 1483304163 0 0
89534 73003 1483283319 0 1
126698 7542 1483304524 0 0
119628 61811 1483302957 0 0
96165 22017 1483286204 0 0
141412 18611 1483311126 0 0
132700 50476 1483306509 0 0
82752 59511 1483288525 0 1
17953 1766 1483230934 8 1
84908 16191 1483287657 0 0
94306 70932 1483285466 0 1
128624 17032 1483304775 0 1
81490 73450 1483277975 0 0
49017 30949 1483305902 0 0
104321 52967 1483290254 0 1
101616 49160 1483288936 0 0
79954 35307 1483277000 0 0
35972 44443 1483256014 0 0
61591 33695 1483267971 0 1
60183 41025 1483267613 0 0
45658 54532 1483261944 0 0
28494 43938 1483237960 0 0
109701 72844 1483302061 0 0
100042 15466 1483287906 0 0
25725 8594 1483234676 0 1
120768 268 1483301255 0 0
54390 1766 1483265052 66 1
96692 51790 1483286433 4 1
47663 29771 1483262402 0 0
71515 71631 1483311582 0 0
25635 36885 1483234849 0 0
10115 56689 1483228135 69 1
59474 1652 1483302792 0 0
110693 46390 1483294336 0 0
124153 64012 1483303030 0 1
73001 34307 1483272830 0 0
34903 59011 1483289114 0 1
125601 7218 1483303554 0 0
103456 17711 1483289758 0 0
99426 70932 1483287629 0 1
6202 46358 1483227108 0 1
105254 63938 1483290857 0 0
65710 46624 1483269702 49 1
113780 29754 1483305571 0 0
18861 72098 1483231463 0 0
20513 46825 1483300763 0 0
71637 21132 1483272113 0 0
103506 17032 1483302303 89 1
28993 2483 1483310126 0 1
67221 6508 1483271053 0 0
126889 74401 1483304087 0 1
44096 26402 1483260910 0 0
107854 30505 1483292367 0 0
115493 40186 1483297966 0 0
80248 61318 1483285474 0 0
61479 60764 1483267827 0 0
141245 7257 1483311424 0 0
22407 10448 1483232615 0 0
44605 38124 1483292591 0 0
56227 59293 1483286210 0 0
90739 54710 1483289489 0 1
48810 60652 1483263075 0 0
23165 50024 1483233014 0 1
34313 30025 1483308120 24 1
94311 32743 1483294435 0 0
21094 10190 1483232104 2 1
26058 17133 1483310003 0 0
102241 2132 1483289583 0 0
6070 48364 1483258995 0 0
2709 62421 1483265763 0 0
69953 56757 1483302108 0 0
75385 59011 1483289033 15 1
108348 62572 1483292702 0 0
13133 52068 1483283140 0 0
11523 52831 1483272398 0 0
119583 73003 1483300332 80 1
41903 41297 1483260027 0 0
96525 30559 1483286359 0 1
58748 60139 1483266785 0 0
48145 27709 1483290229 0 0
29755 30559 1483240790 0 1
78604 45829 1483276182 161 1
70385 73003 1483285778 0 1
53080 34207 1483264958 0 1
22890 60930 1483233105 0 0
38676 52573 1483291485 0 0
46800 38219 1483288266 0 0
36073 70932 1483281200 0 1
104787 33261 1483290555 0 1
23725 7495 1483306432 0 1
44672 15091 1483261301 36 1
3564 46358 1483226480 53 1
94400 72378 1483293992 0 0
65793 37344 1483269738 0 0
126130 8594 1483303989 92 1
58439 8245 1483266667 0 0
78677 38432 1483286743 0 0
2773 33929 1483278295 0 0
7438 53663 1483268351 0 0
97132 73003 1483286709 46 1
65693 30559 1483269693 38 1
35460 45829 1483255508 4 1
100375 57480 1483288691 0 0
80614 8594 1483277582 22 1
85427 63188 1483280800 0 0
27956 7754 1483269909 0 0
53448 33261 1483288196 0 1
128981 53577 1483304910 0 0
97391 70932 1483286961 3 1
39434 51790 1483258623 37 1
114901 30559 1483300416 35 1
11294 30559 1483228603 3 1
103858 52988 1483289989 0 0
138562 68546 1483309481 4 1
81018 49301 1483277683 0 0
4672 60197 1483226756 0 0
63274 44088 1483308841 0 0
43959 48046 1483260850 0 0
92054 59011 1483297446 1 1
4175 46358 1483226640 0 1
31323 8594 1483248512 114 1
113125 73003 1483295847 0 1
118579 50322 1483299759 1 1
129355 46356 1483305080 0 0
109523 52967 1483294091 0 1
75745 72204 1483274322 0 0
89025 20787 1483304731 0 0
54438 64362 1483265067 0 0
120175 51918 1483300774 0 0
55636 29412 1483274727 0 0
140894 61565 1483310749 0 0
51811 30559 1483264026 0 1
9050 45221 1483227851 0 0
88090 56847 1483282355 0 0
36182 12244 1483298895 0 1
72952 626 1483299794 0 0
83883 25187 1483292141 0 1
32563 46358 1483251061 27 1
65730 59011 1483288371 0 1
138707 64029 1483309400 0 0
141391 21115 1483311109 0 0
89201 20694 1483283128 0 0
87597 20853 1483282183 0 0
127429 17032 1483304300 0 1
138944 69832 1483309530 0 0
43262 30559 1483260541 15 1
6627 50105 1483227376 0 0
80841 19879 1483277561 0 0
117162 73182 1483300591 0 0
45942 33695 1483271497 97 1
40845 17032 1483307879 0 1
58475 20027 1483267049 0 0
131687 39371 1483306216 0 0
53052 2390 1483266057 54 1
23176 33261 1483306215 0 1
112968 23454 1483295750 0 0
42383 51790 1483260272 58 1
116572 8594 1483298136 0 1
117258 73003 1483310485 0 1
121908 22230 1483309596 0 0
15291 23013 1483229839 0 0
87401 821 1483286792 0 0
126806 51376 1483304056 0 0
32876 52967 1483284630 16 1
125752 27879 1483305198 0 0
53001 8594 1483264477 0 1
96246 45299 1483286282 0 0
58966 51790 1483268005 1 1
95224 46471 1483285920 0 0
8008 46358 1483227564 0 1
68957 5560 1483288106 0 0
118585 30025 1483299617 3 1
122048 54920 1483302095 0 1
40852 8036 1483264861 0 0
62418 9053 1483275684 0 0
43661 39412 1483267257 0 0
18044 50024 1483230669 0 1
16458 38118 1483280655 0 0
16239 1766 1483230051 24 1
91086 45624 1483284129 0 0
91774 1766 1483284362 54 1
121610 18854 1483301848 0 0
49062 51790 1483262974 34 1
24878 32844 1483267393 0 0
11002 60874 1483290989 0 0
55567 22819 1483291205 0 0
72183 42145 1483272450 0 0
1532 73003 1483306627 126 1
49423 59011 1483305295 0 1
40292 30559 1483271130 90 1
95217 57461 1483285831 0 0
16171 7819 1483230048 0 1
31190 67042 1483258040 275 1
71222 30559 1483271918 0 1
72847 13807 1483272749 30 1
103346 5770 1483289844 0 0
21501 52655 1483271770 0 0
138277 37662 1483309177 0 0
4851 30559 1483226799 0 1
79326 70932 1483276613 0 1
78650 51790 1483276210 6 1
43152 15996 1483260541 0 0
2823 33261 1483298973 60 1
32480 23581 1483281082 0 1
25295 16758 1483234385 0 0
38120 13745 1483258457 0 0
127020 33261 1483304138 131 1
71398 33261 1483293445 0 1
69311 13807 1483271143 26 1
122186 73003 1483302156 0 1
23268 30559 1483233078 7 1
93240 73003 1483284988 0 1
80645 45323 1483277442 0 0
22176 18095 1483232487 0 0
2529 33261 1483299688 0 1
50486 55359 1483298948 0 0
66634 29753 1483270195 0 0
9227 13807 1483294073 0 1
98610 14273 1483287247 0 0
89008 5524 1483282997 0 0
7939 51790 1483265190 0 1
19761 35518 1483283828 0 0
89714 2483 1483306331 0 1
121966 46258 1483302055 0 0
8665 7495 1483304706 0 1
140369 65345 1483310389 0 0
45487 59011 1483285311 0 1
27100 25910 1483296842 0 0
1830 28123 1483286520 0 0
15089 7073 1483229566 0 0
89640 46053 1483293349 0 0
100392 40547 1483288145 0 0
82182 8769 1483292677 0 0
40593 51790 1483259318 23 1
44603 52820 1483261124 0 0
82511 13807 1483278664 78 1
123282 15524 1483302670 0 0
20968 59011 1483311370 2 1
20485 36714 1483301505 0 0
89906 52967 1483283519 2 1
78188 13807 1483275903 95 1
89974 31586 1483283571 0 0
42364 72456 1483285140 0 0
131580 49684 1483306015 0 0
96573 59011 1483286407 0 1
117815 30261 1483299053 0 0
41298 2483 1483306641 55 1
76800 50322 1483299182 0 1
105408 14904 1483291022 0 0
15019 58555 1483229686 0 0
96645 33261 1483293923 0 1
5832 51790 1483264114 0 1
95106 59011 1483285974 7 1
83914 38387 1483279681 0 0
141778 74810 1483311434 0 0
22302 21320 1483269094 0 0
132207 42637 1483306283 0 0
4485 32737 1483270078 0 0
95195 66936 1483285825 0 0
59160 33261 1483294094 0 1
105341 59011 1483290909 0 1
126758 37755 1483306308 0 0
19729 45783 1483262574 0 0
9119 64933 1483281972 0 0
58013 51790 1483266478 0 1
97203 33261 1483286637 93 1
32461 7495 1483296666 0 1
51371 6367 1483292699 0 0
98226 13807 1483287075 0 1
11518 51790 1483271273 35 1
132862 19790 1483306587 0 0
36936 23398 1483256908 0 0
20359 66241 1483302059 0 0
68077 23466 1483270641 0 0
91893 70932 1483285425 123 1
47198 67027 1483303175 0 1
15544 33261 1483290093 0 1
3293 50024 1483232272 0 1
61782 30559 1483267958 0 1
102188 64012 1483310527 0 1
123363 45829 1483302648 0 1
57712 68602 1483298795 0 0
59975 56790 1483267260 0 0
86031 17727 1483309284 172 1
108585 43988 1483292849 15 1
21515 2322 1483305794 0 0
110878 36115 1483294368 0 1
121199 12244 1483301572 0 1
85811 70932 1483281072 0 1
36031 17032 1483307543 0 1
91143 59011 1483284107 37 1
53427 1766 1483265145 0 1
40640 51790 1483259284 82 1
33276 41962 1483252490 0 0
128647 2483 1483304781 70 1
16618 50024 1483230117 0 1
65325 59011 1483287973 15 1
132089 46933 1483306230 0 0
96111 31785 1483286284 0 0
28009 7495 1483310405 0 1
24545 11074 1483303691 0 0
115968 4095 1483306923 0 0
102123 33261 1483289053 0 1
23719 23581 1483256569 0 1
26855 59011 1483293580 5 1
51217 4690 1483263818 0 0
49211 59011 1483284459 0 1
79740 23581 1483301541 12 1
58060 1092 1483307410 0 0
70603 30559 1483271642 0 1
64915 29045 1483269317 0 0
15664 1766 1483229774 0 1
39254 9216 1483259693 0 0
19793 50024 1483231377 0 1
62317 51790 1483268300 23 1
43675 15734 1483260818 0 0
23992 10190 1483233758 134 1
37267 10190 1483257170 0 1
70100 5187 1483280777 0 0
38788 20348 1483258367 0 0
22382 46358 1483232602 8 1
20137 23239 1483297513 0 0
54010 51790 1483264889 39 1
63367 46624 1483268604 1 1
38284 59011 1483287718 0 1
7924 30296 1483304187 0 0
28629 64774 1483238087 0 0
59562 55107 1483275178 0 0
68532 34299 1483271958 225 1
5983 41779 1483275517 0 0
129601 28636 1483305195 0 0
31315 61503 1483303570 0 0
9408 28322 1483228124 0 0
9301 57320 1483280435 0 0
11810 2390 1483231822 0 1
60944 52967 1483282218 0 1
25652 2483 1483306084 0 1
132388 70932 1483306361 0 1
75378 33695 1483274132 0 1
38426 8667 1483279439 0 0
61295 60538 1483286018 0 0
63832 60870 1483268817 0 0
5069 44790 1483226845 0 0
4841 36109 1483226797 0 0
54011 63388 1483285198 0 0
41560 50024 1483259767 20 1
87664 46096 1483308965 0 1
20197 10190 1483295595 0 1
115453 2706 1483297337 0 0
66199 64012 1483302006 0 1
125255 74355 1483303430 0 0
4447 7440 1483289124 0 0
47797 48182 1483262459 0 0
15057 67042 1483229553 0 1
3326 30559 1483226428 0 1
136174 71858 1483308152 0 0
1026 8276 1483225839 0 0
7966 48936 1483308976 0 0
59386 9755 1483267035 0 0
26694 23581 1483270695 16 1
110776 8594 1483294514 13 1
90040 9910 1483283763 0 0
4022 30559 1483226598 79 1
57977 72747 1483266463 0 0
135749 69988 1483308957 0 0
8155 25654 1483227602 0 0
72109 70932 1483289435 0 1
71893 43937 1483272248 0 0
63935 23186 1483268864 0 0
82261 48219 1483303921 0 0
67297 48416 1483270348 51 1
32153 30559 1483249927 0 1
19715 30559 1483231339 0 1
393 70932 1483282233 0 1
89075 47274 1483283044 0 0
82933 17988 1483279089 0 0
34438 6510 1483285121 0 0
39526 28158 1483293122 0 0
116641 33261 1483298190 0 1
2053 28514 1483289094 0 0
68872 42851 1483271218 0 0
3156 70932 1483226389 0 1
78724 59011 1483285648 45 1
37971 24149 1483291020 0 0
2539 30559 1483226239 0 1
67550 33261 1483302657 0 1
17427 70932 1483230438 103 1
53468 70870 1483302704 0 0
51697 32920 1483263986 0 0
108878 4674 1483293039 0 1
124844 9305 1483303273 0 0
89432 3023 1483283255 0 0
86294 44113 1483281363 0 0
90493 40546 1483283873 0 0
25391 51790 1483264135 27 1
30426 7495 1483301489 47 1
14836 11949 1483262225 0 0
37334 50133 1483257313 0 1
62857 56952 1483306653 0 0
32769 41218 1483251435 0 0
139171 17032 1483310603 0 1
41099 56689 1483260303 0 1
108977 73003 1483293096 47 1
96818 59444 1483286485 0 0
80961 33261 1483295897 4 1
59297 34207 1483267001 0 1
23556 38926 1483291165 0 0
67312 51790 1483270923 0 1
19631 36855 1483231306 0 0
15305 74292 1483275087 0 0
125362 17032 1483303474 0 1
127981 33261 1483304513 0 1
56155 51790 1483265758 0 1
120612 6043 1483301191 0 0
112395 27712 1483295416 0 0
129791 49497 1483305458 0 0
60627 59511 1483267507 0 1
39206 70932 1483258493 0 1
79094 5573 1483276478 0 0
119063 31562 1483302996 0 0
74602 7495 1483295820 0 1
67838 51790 1483270713 24 1
101537 25597 1483288712 0 0
28173 34716 1483237274 3 1
7859 30559 1483227526 0 1
131786 8049 1483306100 0 0
55435 9836 1483265453 0 0
104473 52967 1483290409 0 1
11072 34871 1483228792 32 1
76563 23787 1483281735 60 1
106736 74834 1483291654 0 0
39514 51790 1483258660 0 1
47894 53314 1483262498 0 0
4720 46358 1483226771 16 1
101276 67027 1483306152 0 1
17926 414 1483230629 0 1
73159 67046 1483272923 0 0
115231 20681 1483297196 0 0
136333 2483 1483308223 0 1
12675 30559 1483228795 0 1
132338 33261 1483306404 107 1
21021 50024 1483232105 0 1
11170 30538 1483270828 0 0
84159 33484 1483279965 0 0
5932 16932 1483227047 0 1
61634 18617 1483267895 0 0
35511 30850 1483275348 0 0
116984 12761 1483298423 0 0
86899 49520 1483281669 0 0
22469 55240 1483268369 0 0
82440 21759 1483278624 0 0
54274 13807 1483283592 0 1
75473 30559 1483274180 61 1
116877 33261 1483298427 17 1
101217 50322 1483288542 0 1
81805 9660 1483290722 0 0
66452 30559 1483270310 1 1
44723 34979 1483286047 0 0
79919 48416 1483276985 55 1
121789 59751 1483302350 54 1
18289 30559 1483230759 82 1
30549 12244 1483294135 0 1
68435 30559 1483270781 137 1
113730 1318 1483296351 0 0
86925 22546 1483281684 0 0
54722 7495 1483294930 28 1
34602 7819 1483254598 0 1
19957 23581 1483272152 0 1
61293 30559 1483268355 12 1
101772 10008 1483289033 0 0
113451 51790 1483296048 0 1
57072 19964 1483289952 0 0
55209 59011 1483298207 0 1
125882 35235 1483303665 0 0
88307 23232 1483282503 0 1
22122 50024 1483232452 26 1
59111 33261 1483298846 89 1
131933 73003 1483306407 0 1
89484 33261 1483293836 5 1
84899 46164 1483283284 0 0
28874 70932 1483238830 0 1
67464 62446 1483270408 0 0
28958 30004 1483310950 0 0
73121 30559 1483272901 0 1
121065 13807 1483301693 4 1
7034 33695 1483279616 0 1
14127 37411 1483309345 0 0
82603 13807 1483278730 0 1
7293 16249 1483267615 0 0
4357 25446 1483263333 0 0
131040 62786 1483305790 0 0
60703 7819 1483267538 261 1
7745 30559 1483227634 686 1
79295 5770 1483276596 0 0
14041 70932 1483229203 0 1
47706 10526 1483297176 0 0
44309 2483 1483306795 0 1
121751 54710 1483306172 0 1
88701 5505 1483295361 0 0
85852 52284 1483281099 0 0
60747 6234 1483285904 0 0
50960 70932 1483309752 185 1
81866 61217 1483278464 0 0
122247 12146 1483302178 0 0
136481 46096 1483308286 0 1
116131 73003 1483297817 0 1
106924 17872 1483291773 0 1
103919 27540 1483291795 0 0
24641 35447 1483293724 0 0
20253 62047 1483292950 0 0
62240 5035 1483280223 0 0
26807 45134 1483235569 0 0
11139 67774 1483275875 0 0
47353 73659 1483277192 0 0
35473 31844 1483266425 0 0
61268 11090 1483267758 0 1
56964 34716 1483266069 0 1
38017 25699 1483257741 0 0
81638 70932 1483278081 102 1
101198 32943 1483288500 0 0
126672 57716 1483307524 0 0
95517 49424 1483285941 0 0
35285 40158 1483255315 0 0
94924 26711 1483297124 0 0
11503 2483 1483307012 64 1
91907 7495 1483302221 0 1
11770 51790 1483270639 0 1
15791 17594 1483293387 0 0
29638 12674 1483240382 0 1
83682 13807 1483279527 0 1
59962 34207 1483267256 0 1
86596 52967 1483302730 31 1
72345 30559 1483272480 9 1
20133 33261 1483304135 0 1
74410 33261 1483288177 0 1
53197 46358 1483264559 0 1
21851 46358 1483232303 0 1
94604 17040 1483285583 0 0
132708 33695 1483307100 1 1
27397 70932 1483238918 0 1
114517 70542 1483297089 0 0
86939 52967 1483281692 58 1
43560 50799 1483260677 531 1
29437 27725 1483239849 0 0
40836 62598 1483259392 0 0
87776 33261 1483290692 40 1
84342 70932 1483280014 0 1
110157 7625 1483293875 0 0
42335 30559 1483260330 3 1
29813 23581 1483240967 36 1
62382 69221 1483268221 0 0
124943 17032 1483303312 0 1
8224 17590 1483289600 0 0
104904 50322 1483290731 2 1
48226 13132 1483262635 0 0
58401 37945 1483266691 0 0
68726 13807 1483270899 104 1
96125 13806 1483286342 0 0
50587 66834 1483303373 0 1
31700 34168 1483248685 0 0
28619 12991 1483238022 0 0
31161 7289 1483302764 0 0
52298 43815 1483264215 0 0
101373 50322 1483288612 0 1
1649 19856 1483270771 0 0
74724 13807 1483273814 0 1
116336 11313 1483302016 16 1
46823 30559 1483262559 0 1
23812 46096 1483305397 147 1
76989 33695 1483286432 1 1
81051 13807 1483298222 0 1
14894 2575 1483229499 0 0
107676 70932 1483292248 0 1
67098 55303 1483270276 0 0
97231 33695 1483286807 0 1
95098 59011 1483285780 0 1
128821 57415 1483304850 0 0
27866 11116 1483236777 0 0
28955 37427 1483238723 0 1
121335 17032 1483301675 97 1
18444 51790 1483275316 0 1
101125 36115 1483288919 79 1
139995 29367 1483310256 0 0
110119 52967 1483293973 42 1
136322 17032 1483308219 0 1
42409 19517 1483260624 0 1
615 46358 1483227514 22 1
35446 7819 1483256366 19 1
76437 49569 1483274750 0 0
110090 35757 1483293965 0 0
101079 58237 1483288438 0 0
102634 67042 1483290907 0 1
70304 33261 1483289890 0 1
25092 14352 1483234222 0 0
125610 17032 1483303557 0 1
4812 45163 1483226790 0 0
25859 33261 1483290104 0 1
37859 34716 1483257615 0 1
24560 8594 1483233865 0 1
14854 45829 1483261653 0 1
8151 8594 1483227601 0 1
117286 67027 1483306720 0 1
47025 30559 1483262656 57 1
82426 35904 1483311411 0 0
44368 54635 1483261142 0 0
69184 2483 1483305738 52 1
132211 74429 1483306355 0 0
70552 61211 1483271619 0 0
48401 27897 1483311567 0 0
63025 30559 1483268465 1 1
118601 73003 1483300266 0 1
30665 23581 1483272079 0 1
65932 7495 1483295332 0 1
99966 59011 1483287876 0 1
85352 56376 1483285237 0 0
29996 54767 1483268641 0 0
8385 68922 1483227733 0 0
31824 51790 1483249030 19 1
47055 43666 1483262201 0 0
91066 33261 1483286381 33 1
90269 2390 1483283753 0 1
63944 13807 1483270766 0 1
67633 51790 1483287645 10 1
88329 73003 1483282515 0 1
75920 53809 1483309945 0 0
71817 11428 1483305746 0 0
17166 63904 1483230386 0 0
116501 71127 1483298146 0 0
45949 26054 1483262275 0 0
76466 60259 1483274997 0 0
56002 10190 1483266065 141 1
99539 27592 1483287690 0 0
83118 10859 1483279086 0 0
19572 23999 1483270762 0 0
35436 48416 1483255503 32 1
114542 27890 1483296752 0 0
43377 9268 1483260661 0 0
114046 33261 1483296432 0 1
44555 5476 1483277070 0 0
71903 2483 1483305841 95 1
73164 34054 1483272927 0 0
71398 33695 1483272043 28 1
17273 8594 1483292096 1 1
115384 65952 1483297370 11 1
50954 72511 1483263724 0 0
39043 70932 1483258467 0 1
8257 73663 1483228255 48 1
85297 51790 1483281111 34 1
100117 59011 1483287990 0 1
51582 33852 1483307616 0 0
94710 52967 1483285790 0 1
41986 30559 1483260276 0 1
24092 18229 1483259921 0 0
14961 6755 1483229560 0 0
18213 65960 1483230914 0 1
136195 48294 1483308162 0 0
90244 70932 1483283736 0 1
67214 2483 1483306046 0 1
141927 54710 1483311559 72 1
71035 3897 1483271836 0 0
93740 15405 1483285221 0 0
135219 62154 1483307695 0 0
125950 17032 1483303688 0 1
114974 73003 1483297305 106 1
1931 46096 1483306554 0 1
43324 10190 1483260723 158 1
25383 10190 1483235160 0 1
50107 51790 1483263397 10 1
131710 2483 1483306073 0 1
34519 67821 1483254346 0 0
20368 65705 1483231719 0 0
47868 52045 1483262488 0 0
112288 34049 1483295459 0 0
51052 70198 1483263758 0 0
103077 33261 1483289581 68 1
120025 33261 1483300660 0 1
49106 42409 1483262995 0 0
132101 17032 1483306235 0 1
53122 8975 1483264565 0 0
10946 30025 1483302892 35 1
115445 19064 1483297556 0 0
87279 5242 1483281877 0 0
63554 25630 1483268694 0 0
89526 38518 1483283315 0 0
77478 21719 1483275438 0 0
103653 59011 1483291406 20 1
31912 30025 1483299545 8 1
38664 43350 1483286309 0 0
52688 3530 1483264364 0 0
70974 33261 1483294140 0 1
16997 57033 1483272527 0 0
126909 20900 1483307224 0 0
78676 19874 1483276855 0 0
57105 28607 1483309589 0 0
90532 74494 1483283915 0 0
81496 67874 1483277979 0 0
10675 70932 1483228660 0 1
41156 50024 1483262195 0 1
130498 7479 1483306197 0 0
38239 30559 1483257963 13 1
3420 51790 1483261830 12 1
741 74658 1483304807 0 0
116540 27589 1483301612 0 0
30353 56856 1483280141 0 1
36240 59011 1483295450 0 1
54842 48416 1483265381 25 1
100750 14560 1483288260 0 0
3391 64012 1483303599 46 1
141431 4293 1483311139 0 0
16813 67599 1483291697 0 0
23368 38009 1483233125 0 0
93657 73003 1483290821 0 1
55621 2390 1483290414 16 1
77941 35236 1483275735 0 0
87580 33261 1483303632 41 1
13702 45309 1483294315 0 0
129263 67321 1483305284 0 1
97507 69455 1483305690 0 0
119215 33718 1483300030 0 0
59773 59511 1483267177 0 1
53540 40361 1483264689 0 0
99653 32191 1483287741 0 0
7643 30559 1483227468 0 1
54182 33695 1483273235 0 1
118812 7495 1483308186 18 1
7134 2483 1483305873 47 1
92271 59011 1483284639 7 1
69633 22163 1483271268 0 0
58490 51790 1483266687 115 1
28726 64526 1483238235 0 0
72764 70932 1483281427 0 1
39337 7495 1483297074 0 1
57087 51790 1483266121 0 1
54145 30559 1483264949 0 1
37005 68180 1483272228 0 0
62598 30025 1483306015 32 1
87133 64379 1483282155 0 0
6921 50028 1483260831 0 0
7150 46096 1483310020 132 1
46196 50024 1483262192 37 1
453 46698 1483284567 0 0
91134 40215 1483304587 0 1
37925 64996 1483293785 0 0
129522 7495 1483305295 30 1
23134 11328 1483308877 0 0
93122 1766 1483285086 0 1
30648 21059 1483244177 0 0
58339 73003 1483289174 59 1
97114 37156 1483286602 0 0
45717 2573 1483261605 0 0
18487 63053 1483254223 0 0
89116 13610 1483283070 0 0
23090 55599 1483233239 0 0
73268 33695 1483272978 0 1
120812 52388 1483301344 0 0
7212 59088 1483272913 0 0
34153 33261 1483285617 31 1
114683 59011 1483296835 0 1
49639 33261 1483289499 0 1
100614 61411 1483288192 0 0
18198 50292 1483289434 0 0
72106 13807 1483272346 0 1
1614 56525 1483294723 0 0
107142 942 1483291911 0 0
119508 74826 1483300272 0 0
37185 21356 1483297787 0 0
138884 70932 1483309690 95 1
100087 16128 1483307322 0 0
27937 52967 1483283294 0 1
77795 52011 1483310228 0 0
137 14525 1483225373 0 0
89501 2483 1483306154 4 1
70161 12386 1483271502 0 0
55871 52450 1483293982 0 0
110050 50322 1483293779 0 1
27230 18027 1483268076 0 0
22303 22296 1483232554 0 0
60461 26778 1483289140 0 0
16000 17538 1483282699 0 0
133974 30559 1483307289 0 1
129192 61647 1483305484 0 0
12082 12947 1483287023 0 0
60226 41924 1483267349 0 0
72619 17032 1483301974 0 1
77083 65498 1483301928 0 0
10859 35568 1483299199 0 0
61305 46624 1483267749 0 1
94813 33261 1483285741 36 1
139568 2483 1483309899 0 1
8040 51790 1483263013 23 1
14407 46358 1483229336 109 1
110055 36115 1483294086 2 1
52046 50799 1483292801 665 1
72658 30559 1483272678 0 1
74706 34721 1483273807 0 0
109239 64012 1483297926 32 1
51078 55652 1483263767 0 0
58084 52847 1483305778 0 0
54614 2483 1483309180 71 1
9566 72408 1483305970 0 0
60269 73003 1483282473 0 1
131530 35483 1483306050 0 0
95666 57842 1483286003 0 0
118449 14803 1483304235 0 0
47448 30559 1483262311 0 1
81517 17488 1483308676 0 0
135821 40208 1483308005 0 0
132119 43145 1483306243 0 0
53589 16921 1483264703 0 0
103378 39955 1483289911 0 0
114184 13807 1483296525 0 1
26956 35949 1483235739 0 0
96824 59011 1483286515 20 1
12012 30559 1483228617 0 1
63032 53057 1483268466 0 0
987 20903 1483225823 0 0
42700 23581 1483260296 22 1
86776 30559 1483281599 0 1
477 23764 1483293005 0 0
83874 73003 1483283202 0 1
5754 30559 1483227006 0 1
112149 33261 1483295358 0 1
39626 33261 1483303762 0 1
14424 65960 1483232409 0 1
25956 1766 1483235998 94 1
117353 28276 1483298820 0 0
70250 33261 1483286383 0 1
94086 45244 1483285365 0 0
45123 51790 1483261346 18 1
75346 72172 1483274151 0 0
89082 70932 1483283047 0 1
6560 46164 1483267256 0 0
9234 12244 1483295135 0 1
127919 33261 1483304567 6 1
20977 7495 1483300272 38 1
39417 56415 1483258781 0 0
38130 47578 1483257933 0 0
53493 52967 1483298303 0 1
6505 10942 1483285041 0 0
32228 9794 1483250140 0 0
65420 35176 1483269552 0 1
18868 56333 1483230999 0 0
35577 74758 1483285031 0 0
134721 73401 1483307460 0 0
68450 414 1483270788 0 1
93979 57810 1483285340 0 0
19864 41114 1483231736 0 0
13117 50024 1483260053 19 1
75176 68766 1483274034 0 0
42272 51790 1483260104 0 1
19375 52889 1483231205 0 0
63060 1766 1483268615 128 1
62837 2447 1483292245 0 0
3754 23101 1483260658 0 0
4728 64977 1483273672 0 0
65862 72931 1483269773 0 0
10540 59011 1483284440 0 1
11177 67335 1483228392 0 0
91880 46720 1483284407 0 0
18213 47421 1483280251 0 0
40745 30559 1483259345 0 1
23733 24218 1483270898 0 0
115909 28310 1483297997 0 0
49458 71645 1483263139 0 0
29999 59011 1483286051 4 1
18012 35487 1483230760 0 0
13778 71599 1483230794 0 0
79735 20701 1483276931 0 0
60566 50024 1483267753 32 1
76340 48529 1483274681 0 0
31613 71703 1483266623 0 0
34793 51965 1483254691 0 0
65251 44666 1483269476 0 0
12983 46358 1483228881 0 1
70106 33261 1483292666 37 1
54088 51790 1483264924 17 1
694 46358 1483225761 32 1
39956 153 1483258919 0 0
3972 52967 1483282023 2 1
18824 40718 1483230981 0 0
55307 22470 1483265458 0 0
55627 23581 1483265535 25 1
17731 30559 1483230801 0 1
39753 50024 1483258946 0 1
77603 59011 1483284064 0 1
52341 48711 1483264230 0 0
8412 46358 1483227671 94 1
48134 7671 1483284631 0 0
86179 8575 1483290942 0 0
35498 51790 1483255547 0 1
40225 74770 1483264968 0 0
112788 33261 1483295792 20 1
118796 64341 1483299704 0 0
104446 46136 1483290331 0 0
6706 46358 1483227374 81 1
59372 63326 1483267032 0 0
126206 53690 1483303788 0 0
11602 46358 1483229496 56 1
11758 17032 1483301509 28 1
120481 12244 1483301022 0 1
45389 58205 1483261462 0 0
47999 34919 1483262544 0 0
94884 31760 1483285688 0 0
20637 16911 1483238153 0 0
52982 7495 1483291878 4 1
1319 12636 1483301754 0 0
93042 68753 1483284903 0 0
36564 67932 1483256587 0 0
51374 15449 1483263866 0 0
97800 33261 1483286888 0 1
58781 54392 1483291464 0 0
50855 40147 1483264466 0 0
5651 30559 1483226980 56 1
835 33261 1483286667 66 1
7413 10377 1483259897 0 0
17794 30559 1483230577 0 1
41453 70201 1483270563 0 0
107476 17044 1483292322 0 0
126203 30025 1483303787 0 1
94055 9573 1483285357 0 0
1234 24961 1483265449 0 0
52787 46358 1483264400 0 1
101610 33261 1483288791 0 1
139022 12962 1483309572 0 0
26296 17335 1483310669 0 0
124813 40215 1483303259 73 1
122644 33695 1483302341 0 1
688 59011 1483298381 18 1
120706 68061 1483301212 0 0
120984 7495 1483301631 0 1
132791 69990 1483306708 0 0
75871 30559 1483274392 0 1
47625 73003 1483283130 0 1
120539 64012 1483301064 101 1
60217 54249 1483310293 0 0
100556 30559 1483288218 0 1
31658 27004 1483248586 0 0
25652 5600 1483288687 0 0
26808 32386 1483294254 0 0
129685 48934 1483305782 0 0
85707 30025 1483302912 8 1
58488 45604 1483266687 0 0
104128 73252 1483290136 0 0
3143 3655 1483309201 0 0
91486 48198 1483284237 0 0
6191 46358 1483227105 25 1
75572 33695 1483274219 53 1
74855 33261 1483290438 71 1
45692 24501 1483261597 0 0
58649 34492 1483276822 180 1
13197 8783 1483289346 0 0
116403 26099 1483298003 0 0
45543 30559 1483261532 0 1
30503 41720 1483292913 0 0
14098 72567 1483301502 0 0
67769 47984 1483270641 0 0
61555 51790 1483267860 0 1
49681 35377 1483263225 0 0
128624 38899 1483304775 0 0
2847 56433 1483226333 34 1
63340 46624 1483270301 0 1
5872 26117 1483227182 0 0
53507 59011 1483284290 40 1
131875 74049 1483306137 0 0
48925 51790 1483262913 17 1
12882 8594 1483229000 109 1
13360 73663 1483228989 53 1
130041 30559 1483305555 82 1
99755 52967 1483287784 31 1
36832 59011 1483285313 0 1
57783 12244 1483295181 0 1
51804 9057 1483285538 0 0
88044 59011 1483285462 20 1
102909 44677 1483292055 0 0
50821 40318 1483263914 0 0
18037 53438 1483230667 0 0
39715 33261 1483285570 0 1
46287 51790 1483261840 0 1
75603 42979 1483274293 0 0
16718 16611 1483230162 0 0
110039 43425 1483293766 0 0
91428 73003 1483284216 81 1
109053 59011 1483293358 0 1
117368 33261 1483300287 36 1
34914 51790 1483254847 28 1
39964 51790 1483258922 0 1
18025 40417 1483298843 0 0
15979 67725 1483283934 0 0
121655 65740 1483301876 0 0
84387 72133 1483280041 0 0
102201 62924 1483289105 0 0
3887 58859 1483226560 0 0
20915 74181 1483265882 0 0
93865 43295 1483290246 0 0
43136 64209 1483284540 0 0
141479 8927 1483311182 0 1
63933 10651 1483268863 0 0
37215 67576 1483257253 0 0
47762 15830 1483262578 0 0
80598 59011 1483287945 0 1
92436 33261 1483292664 9 1
61780 35176 1483268176 0 1
136783 18909 1483308431 0 0
25567 33261 1483301851 55 1
27266 46358 1483293149 0 1
40852 51790 1483264016 54 1
93852 73003 1483285318 0 1
40186 40282 1483259041 0 0
1853 47178 1483286947 0 0
56085 7495 1483293278 0 1
53843 33695 1483267741 0 1
22162 13422 1483279696 0 1
38098 30559 1483258427 81 1
66262 30559 1483269939 0 1
47272 35768 1483262243 0 0
105031 30025 1483310882 2 1
110163 4886 1483293937 0 0
88068 19175 1483282338 0 0
50932 1766 1483272799 0 1
105754 70263 1483291124 0 0
29198 7819 1483240269 0 1
25380 23660 1483271972 0 0
25225 13807 1483305613 0 1
82261 10491 1483287280 0 0
113982 11116 1483307721 0 0
101283 3055 1483288558 0 0
25807 51790 1483268124 39 1
2672 51790 1483293350 0 1
69146 13384 1483271080 0 0
57165 46624 1483266150 0 1
15543 58944 1483289905 0 0
126983 22979 1483304122 0 1
37794 34133 1483257569 0 0
66602 30154 1483270196 0 0
43704 15058 1483260741 0 1
22651 22163 1483262622 0 0
64477 40215 1483300388 0 1
68178 33695 1483270817 0 1
26355 67846 1483268421 0 0
47497 43641 1483262333 0 0
86031 9450 1483309464 0 0
11641 68339 1483228718 0 0
83098 52967 1483283448 35 1
6155 50544 1483292287 0 0
5688 34231 1483301876 0 0
79845 12826 1483287853 0 0
23589 66837 1483271867 0 0
56591 56288 1483305357 0 0
77499 70932 1483275448 0 1
67384 72495 1483270379 71 1
51577 50024 1483263946 0 1
13516 72806 1483229033 0 0
3929 2483 1483306337 0 1
92423 11490 1483285940 0 0
117839 34677 1483299023 0 0
8661 11041 1483274436 0 0
72935 70932 1483309810 0 1
73271 17032 1483302972 0 1
74143 49182 1483273495 0 1
12802 23581 1483269360 13 1
10887 33261 1483291559 0 1
85554 6747 1483281141 0 0
124682 39442 1483303401 0 0
71820 65971 1483272709 0 0
136204 61972 1483308267 0 0
67461 59011 1483284046 29 1
140296 2483 1483310346 0 1
41358 53423 1483259669 0 0
132147 17032 1483306258 192 1
119406 4044 1483306204 0 0
1553 37969 1483309150 0 0
93015 57378 1483288230 0 0
132049 11313 1483306453 41 1
19334 11090 1483231186 6 1
108219 73869 1483292592 0 0
52308 33261 1483289742 0 1
107270 12244 1483292006 0 1
84620 59011 1483286084 0 1
24987 34716 1483236233 0 1
64256 4240 1483269236 0 0
122188 2843 1483302294 0 0
138538 14112 1483310899 0 0
20556 50024 1483231722 33 1
52950 2290 1483282786 0 0
6036 36115 1483290666 0 1
114368 43527 1483296738 0 0
87840 68291 1483283210 0 1
87318 48087 1483292999 0 0
84960 40440 1483280477 0 0
26328 36132 1483235140 0 1
59380 7495 1483298192 36 1
89265 59829 1483283164 0 0
113811 63536 1483296256 0 0
9688 56209 1483228010 0 0
62398 59011 1483286812 0 1
33463 8594 1483252887 74 1
15147 73573 1483229587 0 0
65171 4104 1483306549 0 0
28961 49753 1483238893 0 0
46251 13417 1483261828 0 0
92897 58256 1483303050 0 0
2828 46358 1483226311 0 1
70531 936 1483278427 0 0
11195 59011 1483284900 0 1
26451 42700 1483267133 0 0
130183 63787 1483305445 0 0
133298 64012 1483306819 0 1
129789 2483 1483305287 0 1
29403 2390 1483239722 20 1
2591 2310 1483261329 0 0
87329 13807 1483282014 0 1
32377 13807 1483270750 23 1
36974 62219 1483257013 0 0
45738 30559 1483261613 84 1
55943 1321 1483289950 0 0
36853 43524 1483256837 0 0
86647 33695 1483281582 0 1
55509 9174 1483295565 0 0
125328 17032 1483303458 0 1
53916 8594 1483264969 0 1
23735 12326 1483305663 0 0
52703 51790 1483264367 69 1
2583 62325 1483229647 0 0
135367 16956 1483310817 0 0
65026 46449 1483270377 0 0
8757 51790 1483268165 0 1
19743 67042 1483231862 101 1
67973 30559 1483270792 32 1
114110 973 1483296470 0 1
105496 34573 1483290986 0 1
27080 64177 1483301089 0 0
71151 285 1483271886 0 0
110444 13341 1483294069 0 0
39899 21296 1483258890 0 0
15046 37709 1483286452 0 0
57712 36115 1483298795 34 1
302 50799 1483245120 0 1
2377 71597 1483226629 0 0
72030 33261 1483296223 54 1
60040 70211 1483304593 0 0
6258 17032 1483302950 5 1
46353 12257 1483267558 0 0
41781 63828 1483259867 0 0
13800 46358 1483229123 0 1
81557 33261 1483309150 46 1
6339 38315 1483227162 0 0
92614 59011 1483284820 0 1
30352 2483 1483308226 69 1
85490 59011 1483286213 22 1
88352 2864 1483282526 0 0
51294 61692 1483285387 0 0
48200 8451 1483262923 0 0
2705 30025 1483301589 20 1
73429 33261 1483287172 0 1
25466 11877 1483293014 0 0
73274 65968 1483272981 0 0
83664 33261 1483295180 4 1
90813 59011 1483283986 0 1
61280 26263 1483267742 0 0
137873 17032 1483308935 0 1
122776 20112 1483302399 0 0
26995 48554 1483236005 0 0
44910 67710 1483287684 0 0
126108 31702 1483303797 0 0
71673 73375 1483272128 0 0
19259 9349 1483231155 0 0
101965 74873 1483288959 0 0
51965 2390 1483264528 0 1
53065 34716 1483264583 80 1
58181 70932 1483305149 0 1
64604 33261 1483301879 64 1
33551 54945 1483252976 0 0
95634 2607 1483286117 0 0
106182 26744 1483291450 0 0
29819 23581 1483241062 4 1
36626 17032 1483302742 370 1
87371 25198 1483282217 0 0
34384 30559 1483254293 0 1
83974 45235 1483280297 0 0
26933 29184 1483285125 0 0
47518 758 1483262382 0 0
20010 2483 1483305390 0 1
132538 33189 1483306432 0 0
60400 47974 1483267416 0 0
62764 57038 1483284726 0 0
105400 33261 1483291019 1 1
136594 59011 1483308599 14 1
92612 59280 1483284714 0 1
99002 22536 1483288111 28 1
72037 13807 1483272314 45 1
61423 43984 1483304663 0 0
132338 33261 1483306574 27 1
46733 5033 1483262028 0 0
27377 47262 1483273995 0 0
102153 72199 1483289078 0 0
20918 33261 1483304662 0 1
35644 30559 1483255688 0 1
18516 33261 1483285941 0 1
83395 41625 1483279316 0 0
16703 50024 1483231786 0 1
51026 51790 1483263751 17 1
94092 63885 1483285823 0 0
11269 1766 1483263444 345 1
85297 4210 1483296853 0 0
78774 8594 1483276290 130 1
5095 5768 1483272357 0 0
105950 66762 1483291645 0 0
74351 13807 1483273628 0 1
2108 23581 1483271262 31 1
92987 10190 1483299357 146 1
124117 51790 1483303072 4 1
12175 46358 1483228871 0 1
138452 36831 1483309274 0 0
132008 2483 1483306198 103 1
48100 5707 1483273058 49 1
5102 44727 1483226851 0 0
139884 1766 1483310830 0 1
132449 15803 1483306506 0 0
81099 10091 1483292982 0 0
34534 41185 1483254362 0 0
55991 1766 1483265842 11 1
52042 3762 1483264970 0 0
30920 9232 1483245493 0 0
131749 74806 1483306088 0 0
58131 26150 1483266532 0 0
7098 70383 1483258598 0 0
3999 73003 1483308279 130 1
84819 33695 1483280635 19 1
54306 13701 1483265016 0 0
76718 52087 1483274920 0 0
106928 51302 1483291777 0 0
39254 50024 1483258521 0 1
72719 51790 1483289997 23 1
129372 2483 1483305089 36 1
139929 30559 1483310515 31 1
10979 17156 1483302531 0 0
101100 33261 1483288645 28 1
18591 54710 1483303098 88 1
4960 9829 1483226822 0 0
59993 74768 1483267517 0 0
35503 33261 1483287382 0 1
122666 17032 1483302354 0 1
13739 13619 1483294407 0 0
6416 53836 1483227157 0 0
19062 52581 1483272392 0 0
9044 46358 1483227941 0 1
18810 30559 1483230976 0 1
47075 33695 1483290625 70 1
74799 51790 1483273933 21 1
66127 33695 1483269883 73 1
59402 58847 1483267231 0 0
113293 41410 1483295983 0 0
31486 22761 1483250042 0 0
136873 47600 1483308557 0 0
72609 35136 1483272775 0 0
5175 46674 1483279572 0 0
3422 65167 1483296929 0 0
58982 30559 1483266874 18 1
113059 26706 1483295850 0 0
33563 23581 1483253041 7 1
105118 50989 1483290991 11 1
107633 12244 1483292227 0 1
65686 14194 1483269686 0 0
42503 27554 1483292692 0 0
134289 7495 1483307506 0 1
58523 53511 1483283336 0 0
4575 7819 1483227084 8 1
84759 33261 1483287749 0 1
25591 67497 1483294371 0 0
60036 4319 1483297378 0 0
86017 70932 1483281216 0 1
107487 35135 1483292161 0 0
89415 50799 1483283418 0 1
28038 30842 1483237030 0 0
87765 74464 1483282947 0 0
101548 67027 1483309405 49 1
34355 30559 1483254117 0 1
70087 51790 1483271598 1 1
74694 14691 1483273803 0 0
73667 70932 1483288196 0 1
59501 62436 1483287338 0 0
5492 46358 1483226945 0 1
57376 23302 1483266240 0 0
135876 52522 1483308026 0 0
64181 4879 1483291641 0 0
32984 10413 1483260677 0 0
37328 64353 1483270672 0 0
35785 20117 1483255825 0 0
1285 71461 1483303840 0 0
1983 20231 1483272454 0 0
67337 20074 1483270361 0 0
122369 31189 1483302225 0 0
69227 25483 1483308551 0 0
928 13394 1483225803 0 0
53550 73982 1483264810 0 0
18036 12244 1483301512 0 1
98203 33261 1483287063 18 1
135145 41609 1483307655 0 0
64579 70932 1483307132 0 1
912 46358 1483225799 0 1
8749 57390 1483227769 0 0
80017 13807 1483277144 54 1
23135 66816 1483306096 0 0
56808 44780 1483266016 0 0
128726 22673 1483305126 0 0
109792 17032 1483307355 11 1
87151 70932 1483282049 166 1
48020 66223 1483262552 0 0
23106 26036 1483232982 0 0
103053 33261 1483289568 0 1
18238 20409 1483283982 0 0
125850 17032 1483303652 0 1
111687 52967 1483305901 80 1
20047 10190 1483231495 0 1
15812 55864 1483305483 0 0
68398 33261 1483285777 0 1
12843 1766 1483228840 0 1
845 46358 1483225771 0 1
102048 19172 1483289013 0 0
51769 24096 1483290556 0 0
34431 29825 1483254224 0 0
109257 52647 1483295590 0 0
83969 50024 1483284624 535 1
139403 73663 1483309803 26 1
18538 70441 1483230856 0 0
24265 73663 1483297673 107 1
120201 58928 1483300968 0 0
56056 32454 1483265862 0 0
89778 70932 1483283442 0 1
39434 677 1483258623 0 0
30738 66476 1483280670 0 0
67088 48416 1483279406 24 1
55120 34839 1483265539 0 0
20554 58510 1483274727 0 0
114368 66879 1483296738 0 1
46116 30559 1483261777 90 1
47433 59011 1483289662 47 1
127056 55703 1483304151 0 0
52066 30559 1483264278 10 1
74810 67255 1483273859 0 0
71289 63637 1483271947 0 0
122511 12244 1483302282 49 1
120466 54318 1483301090 0 0
13052 46624 1483271776 83 1
23058 68434 1483287946 0 0
110399 33261 1483294041 0 1
112856 37019 1483295698 0 0
110591 63560 1483294360 0 0
27809 11090 1483236707 0 1
1581 8594 1483227601 0 1
47917 50024 1483262508 47 1
48156 59112 1483262605 0 0
102087 49997 1483289033 0 0
23020 50024 1483232942 0 1
79725 27743 1483277167 0 0
34072 54225 1483253750 0 0
108167 45829 1483293969 152 1
44037 7819 1483261590 51 1
73070 13807 1483272866 43 1
72273 26213 1483272780 0 0
52842 30559 1483264420 0 1
103261 58401 1483289662 0 0
46070 51790 1483262131 0 1
108518 19534 1483292915 0 0
37108 5153 1483257161 0 0
30993 17861 1483270892 0 0
96065 2483 1483306453 0 1
3385 33740 1483284005 0 0
108735 33261 1483292942 129 1
2339 74778 1483226195 0 0
21332 51790 1483269315 39 1
47554 46624 1483279087 0 1
65609 59220 1483269641 0 0
77250 51790 1483275268 0 1
61508 61236 1483268015 0 0
36587 30559 1483256601 0 1
127169 12244 1483304198 0 1
25430 33695 1483272957 75 1
118847 39395 1483299799 0 1
37534 36432 1483288255 0 0
94087 46740 1483288077 0 0
8262 21281 1483227630 0 0
15685 59047 1483229782 0 0
137852 2483 1483308928 0 1
99905 52489 1483287844 0 0
29807 46358 1483241261 5 1
34503 13807 1483270970 0 1
17354 51594 1483230412 0 0
29618 51314 1483240354 0 0
36637 1766 1483287493 0 1
5141 33763 1483292287 0 0
49632 11090 1483280743 0 1
80138 66507 1483277120 0 0
98251 33261 1483287085 67 1
134608 2483 1483307994 0 1
40228 13807 1483296055 0 1
91122 7495 1483293131 0 1
9301 65716 1483311006 0 0
80795 64012 1483298212 0 1
78940 1766 1483276662 4 1
66994 30153 1483270246 0 0
179 40215 1483301876 76 1
59723 12244 1483301010 0 1
41616 43499 1483259790 0 0
40635 30559 1483259279 174 1
125076 12244 1483303562 0 1
5315 37008 1483269712 0 0
76911 33261 1483308990 14 1
124946 70467 1483303313 0 0
10286 23520 1483285760 0 0
16360 69474 1483230023 0 0
51837 12511 1483264742 0 1
7407 11016 1483227408 0 0
104927 12674 1483290647 0 1
21993 30559 1483232377 0 1
99423 46624 1483287704 0 1
1120 51790 1483256321 15 1
58262 45829 1483267478 96 1
41507 51790 1483259742 0 1
104788 22103 1483290724 0 0
98647 26548 1483301151 0 0
116254 64012 1483297902 34 1
31548 51790 1483248217 0 1
23118 73003 1483284101 0 1
132881 11313 1483306598 0 1
60178 30559 1483267327 0 1
81871 58065 1483278240 0 0
123294 20846 1483302617 0 0
45890 1766 1483261744 64 1